92
4
257.1769	260.0313
256.8915	263.1711
253.4663	261.173
255.6387	256.1938
1
4
0
1
2
3
4
255.6387	256.1938
260.4452	255.9496
262.3148	257.7478
257.1769	260.0313
1
4
0
1
2
3
3
255.6387	256.1938
258.6469	253.6518
260.4452	255.9496
1
3
0
1
2
4
257.4624	252.1818
261.3158	248.8993
262.4432	254.2512
258.6469	253.6518
1
4
0
1
2
3
4
255.6387	256.1938
251.4682	254.0372
252.61	251.3255
257.4624	252.1818
1
4
0
1
2
3
4
255.6387	256.1938
253.4663	261.173
250.7546	257.0342
251.4682	254.0372
1
4
0
1
2
3
4
257.1769	260.0313
263.964	264.4079
259.6348	264.741
256.8915	263.1711
1
4
0
1
2
3
4
257.1769	260.0313
262.3148	257.7478
261.5441	260.0455
263.964	264.4079
2
3
0
2
3
3
0
1
2
5
260.4452	255.9496
258.6469	253.6518
262.4432	254.2512
265.0406	256.6489
262.3148	257.7478
1
5
0
1
2
3
4
5
251.4682	254.0372
250.7546	257.0342
246.045	257.8905
248.3284	251.8964
252.61	251.3255
2
3
0
3
4
4
0
1
2
3
4
250.7546	257.0342
253.4663	261.173
249.4702	262.6002
246.045	257.8905
1
4
0
1
2
3
4
253.4663	261.173
254.3226	265.8827
250.8656	265.518
249.4702	262.6002
1
4
0
1
2
3
5
253.4663	261.173
256.8915	263.1711
259.6348	264.741
257.9698	268.293
254.3226	265.8827
2
3
0
1
4
4
1
2
3
4
4
261.5441	260.0455
262.3148	257.7478
267.2385	260.7449
263.964	264.4079
1
4
0
1
2
3
4
262.3148	257.7478
265.0406	256.6489
270.2356	257.3482
267.2385	260.7449
1
4
0
1
2
3
5
262.4432	254.2512
261.3158	248.8993
265.8399	250.2551
268.6371	254.2512
265.0406	256.6489
1
5
0
1
2
3
4
6
257.4624	252.1818
252.61	251.3255
253.5519	248.8565
254.0514	242.9623
259.6459	246.9584
261.3158	248.8993
2
5
0
2
3
4
5
3
0
1
2
4
259.6459	246.9584
263.2424	237.9671
267.738	241.9632
261.3158	248.8993
1
4
0
1
2
3
4
259.6459	246.9584
254.0514	242.9623
258.5248	240.0984
263.2424	237.9671
1
4
0
1
2
3
4
253.5519	248.8565
252.61	251.3255
249.9776	244.4275
254.0514	242.9623
1
4
0
1
2
3
4
252.61	251.3255
248.3284	251.8964
243.4285	247.2026
249.9776	244.4275
1
4
0
1
2
3
5
261.3158	248.8993
267.738	241.9632
272.9829	243.1371
273.2881	247.3136
265.8399	250.2551
1
5
0
1
2
3
4
5
268.6371	254.2512
275.2862	254.0847
279.6153	257.5258
270.2356	257.3482
265.0406	256.6489
1
5
0
1
2
3
4
5
268.6371	254.2512
265.8399	250.2551
273.2881	247.3136
277.6172	250.5326
275.2862	254.0847
1
5
0
1
2
3
4
3
270.2356	257.3482
274.2872	266.073
267.2385	260.7449
1
3
0
1
2
4
267.2385	260.7449
274.2872	266.073
265.296	266.628
263.964	264.4079
1
4
0
1
2
3
4
265.296	266.628
257.9698	268.293
259.6348	264.741
263.964	264.4079
1
4
0
1
2
3
6
249.9776	244.4275
245.0935	237.8784
251.9757	238.5444
254.4177	234.4373
258.5248	240.0984
254.0514	242.9623
2
5
0
2
3
4
5
3
0
1
2
4
248.3284	251.8964
246.045	257.8905
237.7673	250.6436
243.4285	247.2026
1
4
0
1
2
3
5
249.4702	262.6002
244.0945	264.963
237.5453	264.963
240.3204	260.4119
246.045	257.8905
1
5
0
1
2
3
4
6
249.4702	262.6002
250.8656	265.518
254.3226	265.8827
254.7507	271.7341
247.3136	269.5141
244.0945	264.963
2
3
0
1
5
5
1
2
3
4
5
6
257.9698	268.293
265.296	266.628
267.405	270.8461
259.3018	272.1781
254.7507	271.7341
254.3226	265.8827
2
3
0
4
5
5
0
1
2
3
4
6
275.2862	254.0847
277.6172	250.5326
283.9721	248.382
287.5936	252.7527
286.5946	257.9976
279.6153	257.5258
1
6
0
1
2
3
4
5
6
272.9829	243.1371
278.4775	239.6405
283.5975	241.8883
283.9721	248.382
277.6172	250.5326
273.2881	247.3136
1
6
0
1
2
3
4
5
5
272.9829	243.1371
267.738	241.9632
292.339	226.5284
300.9912	223.2102
278.4775	239.6405
1
5
0
1
2
3
4
6
267.738	241.9632
263.2424	237.9671
267.738	233.7713
271.3595	235.6444
277.3536	232.1478
292.339	226.5284
2
4
0
3
4
5
4
0
1
2
3
5
254.4177	234.4373
260.4951	207.9216
258.3722	230.8991
262.7429	230.6493
258.5248	240.0984
2
4
0
2
3
4
3
0
1
2
6
262.7429	230.6493
266.6141	229.2757
278.2991	214.6471
267.738	233.7713
263.2424	237.9671
258.5248	240.0984
2
3
0
1
5
5
1
2
3
4
5
6
254.4177	234.4373
251.9757	238.5444
245.0935	237.8784
241.8883	231.1488
249.8805	225.2796
260.4951	207.9216
2
3
0
4
5
5
0
1
2
3
4
7
245.0935	237.8784
249.9776	244.4275
243.4285	247.2026
223.4064	234.3956
219.2854	222.1576
230.2747	220.784
241.8883	231.1488
2
3
0
5
6
6
0
1
2
3
4
5
6
243.4285	247.2026
237.7673	250.6436
226.5284	249.1312
201.5528	232.1478
212.7918	233.022
223.4064	234.3956
1
6
0
1
2
3
4
5
6
237.7673	250.6436
246.045	257.8905
240.3204	260.4119
226.2786	255.5
216.1635	251.379
226.5284	249.1312
1
6
0
1
2
3
4
5
5
240.3204	260.4119
237.5453	264.963
232.5225	268.3624
227.2063	263.3138
226.2786	255.5
1
5
0
1
2
3
4
6
237.5453	264.963
244.0945	264.963
234.6454	271.859
228.1518	275.7302
223.781	274.9809
232.5225	268.3624
1
6
0
1
2
3
4
5
6
247.3136	269.5141
241.3638	280.3257
235.5695	291.315
229.3756	284.3218
234.6454	271.859
244.0945	264.963
2
3
0
1
5
5
1
2
3
4
5
6
247.3136	269.5141
254.7507	271.7341
259.3018	272.1781
256.1494	287.3189
247.1582	285.121
241.3638	280.3257
2
3
0
1
5
5
1
2
3
4
5
10
241.3638	280.3257
247.1582	285.121
256.1494	287.3189
253.3521	300.9056
245.7595	350.6569
238.1669	348.2592
243.9613	316.89
235.7693	309.8968
229.975	302.504
235.5695	291.315
3
3
0
1
9
7
1
2
3
6
7
8
9
4
3
4
5
6
5
259.3018	272.1781
267.405	270.8461
271.4843	277.1039
265.2405	286.3448
256.1494	287.3189
1
5
0
1
2
3
4
6
267.405	270.8461
265.296	266.628
274.2872	266.073
284.7214	274.6063
278.3526	276.1048
271.4843	277.1039
1
6
0
1
2
3
4
5
4
270.2356	257.3482
279.6153	257.5258
280.4756	262.2434
274.2872	266.073
1
4
0
1
2
3
6
274.2872	266.073
280.4756	262.2434
279.6153	257.5258
286.5946	257.9976
293.9624	280.4756
284.7214	274.6063
2
3
0
1
5
5
1
2
3
4
5
6
256.1494	287.3189
265.2405	286.3448
271.4843	277.1039
282.7234	289.883
269.0701	301.2053
253.3521	300.9056
2
4
0
1
4
5
4
1
2
3
4
7
271.4843	277.1039
278.3526	276.1048
284.7214	274.6063
293.9624	280.4756
291.7146	294.0456
289.1171	302.3042
282.7234	289.883
2
3
0
1
6
6
1
2
3
4
5
6
7
253.3521	300.9056
269.0701	301.2053
282.7234	289.883
289.1171	302.3042
305.3013	333.4737
278.5275	349.8577
245.7595	350.6569
2
6
0
1
3
4
5
6
3
1
2
3
5
286.5946	257.9976
293.4272	259.175
313.4933	270.9349
306.8997	281.7243
293.9624	280.4756
1
5
0
1
2
3
4
6
286.5946	257.9976
287.5936	252.7527
283.9721	248.382
292.2855	245.9022
295.1398	251.1828
293.4272	259.175
2
3
0
1
5
5
1
2
3
4
5
5
283.9721	248.382
283.5975	241.8883
278.4775	239.6405
300.9912	223.2102
292.2855	245.9022
2
4
0
1
3
4
3
1
2
3
8
292.339	226.5284
277.3536	232.1478
271.3595	235.6444
267.738	233.7713
278.2991	214.6471
289.4311	208.7957
299.7068	212.5063
300.9912	223.2102
2
4
0
1
6
7
6
1
2
3
4
5
6
8
266.6141	229.2757
262.7429	230.6493
258.3722	230.8991
260.4951	207.9216
262.0293	190.8133
275.0166	195.6657
282.8661	204.7996
278.2991	214.6471
2
6
0
3
4
5
6
7
4
0
1
2
3
6
260.4951	207.9216
249.8805	225.2796
248.1857	213.9335
254.0372	205.3705
257.4624	191.8123
262.0293	190.8133
2
4
0
3
4
5
4
0
1
2
3
6
248.1857	213.9335
249.8805	225.2796
241.8883	231.1488
230.2747	220.784
233.4858	206.0841
254.0372	205.3705
2
3
0
4
5
5
0
1
2
3
4
6
226.5284	249.1312
216.1635	251.379
181.8221	244.3324
176.9697	235.7693
177.9687	226.7781
201.5528	232.1478
1
6
0
1
2
3
4
5
6
216.1635	251.379
226.2786	255.5
227.2063	263.3138
169.6911	275.0166
127.3754	261.7439
181.8221	244.3324
1
6
0
1
2
3
4
5
6
227.2063	263.3138
232.5225	268.3624
223.781	274.9809
155.2481	317.6891
137.4655	287.9183
169.6911	275.0166
1
6
0
1
2
3
4
5
7
223.781	274.9809
228.1518	275.7302
234.6454	271.859
229.3756	284.3218
222.5822	292.1142
181.8221	338.9184
155.2481	317.6891
2
5
0
1
4
5
6
4
1
2
3
4
4
229.3756	284.3218
235.5695	291.315
229.975	302.504
222.5822	292.1142
1
4
0
1
2
3
9
243.9613	316.89
238.1669	348.2592
232.1728	391.417
188.8152	385.8225
159.6438	367.6403
181.8221	338.9184
222.5822	292.1142
229.975	302.504
235.7693	309.8968
3
3
0
1
8
3
1
7
8
7
1
2
3
4
5
6
7
8
289.1171	302.3042
291.7146	294.0456
293.9624	280.4756
306.8997	281.7243
345.6618	320.6862
336.6706	337.8694
317.0897	353.4541
305.3013	333.4737
2
3
0
1
7
7
1
2
3
4
5
6
7
6
306.8997	281.7243
313.4933	270.9349
319.6872	273.2326
315.9409	280.7253
360.8969	303.2033
345.6618	320.6862
2
4
0
3
4
5
4
0
1
2
3
9
293.4272	259.175
311.4453	258.9966
390.1183	282.4736
415.0938	291.7146
390.8676	318.6882
360.8969	303.2033
315.9409	280.7253
319.6872	273.2326
313.4933	270.9349
3
4
0
1
7
8
6
1
2
3
4
5
7
3
5
6
7
7
311.4453	258.9966
293.4272	259.175
295.1398	251.1828
340.6667	246.5088
397.1115	245.5098
397.8607	263.4922
390.1183	282.4736
2
4
0
4
5
6
5
0
1
2
3
4
8
295.1398	251.1828
292.2855	245.9022
300.9912	223.2102
299.7068	212.5063
317.4394	191.8123
332.9243	204.3001
341.1662	227.7771
340.6667	246.5088
2
4
0
1
2
7
6
2
3
4
5
6
7
8
299.7068	212.5063
289.4311	208.7957
278.2991	214.6471
282.8661	204.7996
288.4677	180.3236
309.9467	127.8749
352.1554	145.6075
317.4394	191.8123
2
7
0
1
3
4
5
6
7
3
1
2
3
8
241.0142	119.3832
287.7185	88.41349
274.9809	166.8368
288.4677	180.3236
282.8661	204.7996
275.0166	195.6657
262.0293	190.8133
257.4624	191.8123
3
5
0
1
2
6
7
3
2
5
6
4
2
3
4
5
6
257.4624	191.8123
254.0372	205.3705
233.4858	206.0841
231.024	164.589
243.7615	182.5714
241.0142	119.3832
2
4
0
1
4
5
4
1
2
3
4
6
233.4858	206.0841
230.2747	220.784
219.2854	222.1576
179.0748	176.3275
163.0904	99.15298
231.024	164.589
1
6
0
1
2
3
4
5
7
219.2854	222.1576
223.4064	234.3956
212.7918	233.022
201.5528	232.1478
200.304	216.5381
16.48387	106.8954
179.0748	176.3275
3
4
0
4
5
6
4
0
2
3
4
3
0
1
2
7
200.304	216.5381
201.5528	232.1478
177.9687	226.7781
176.9697	235.7693
131.1217	226.5284
49.70137	199.5547
16.48387	106.8954
2
4
0
1
2
6
5
2
3
4
5
6
4
176.9697	235.7693
181.8221	244.3324
127.3754	261.7439
131.1217	226.5284
1
4
0
1
2
3
3
169.6911	275.0166
137.4655	287.9183
127.3754	261.7439
1
3
0
1
2
6
127.3754	261.7439
137.4655	287.9183
68.18328	316.9399
20.97947	270.7351
49.70137	199.5547
131.1217	226.5284
2
3
0
4
5
5
0
1
2
3
4
9
238.1669	348.2592
245.7595	350.6569
278.5275	349.8577
305.3013	333.4737
317.0897	353.4541
376.132	474.0362
282.7234	454.0557
213.7908	488.522
232.1728	391.417
3
3
0
1
8
5
1
2
6
7
8
5
2
3
4
5
6
8
317.0897	353.4541
336.6706	337.8694
345.6618	320.6862
360.8969	303.2033
390.8676	318.6882
459.0508	381.6266
488.522	463.0469
376.132	474.0362
2
3
0
1
7
7
1
2
3
4
5
6
7
8
390.8676	318.6882
415.0938	291.7146
390.1183	282.4736
397.8607	263.4922
397.1115	245.5098
468.5415	236.7683
473.2036	307.0329
459.0508	381.6266
3
4
0
1
6
7
5
1
3
4
5
6
3
1
2
3
4
340.6667	246.5088
341.1662	227.7771
397.611	213.1248
397.1115	245.5098
1
4
0
1
2
3
7
341.1662	227.7771
332.9243	204.3001
470.0401	142.3607
499.5112	187.4832
468.5415	236.7683
397.1115	245.5098
397.611	213.1248
2
4
0
1
2
6
5
2
3
4
5
6
7
352.1554	145.6075
460.0499	11.98827
467.043	76.92473
498.0127	108.3939
470.0401	142.3607
332.9243	204.3001
317.4394	191.8123
2
6
0
2
3
4
5
6
3
0
1
2
8
352.1554	145.6075
309.9467	127.8749
288.4677	180.3236
274.9809	166.8368
287.7185	88.41349
302.7038	9.490713
367.1408	37.96285
460.0499	11.98827
3
3
0
6
7
4
0
1
5
6
5
1
2
3
4
5
8
163.0904	99.15298
131.871	34.96579
219.7849	41.45943
302.7038	9.490713
287.7185	88.41349
241.0142	119.3832
243.7615	182.5714
231.024	164.589
3
4
0
1
2
7
4
2
5
6
7
4
2
3
4
5
5
163.0904	99.15298
179.0748	176.3275
16.48387	106.8954
52.61518	24.97556
131.871	34.96579
1
5
0
1
2
3
4
8
137.4655	287.9183
155.2481	317.6891
181.8221	338.9184
159.6438	367.6403
130.8719	410.0987
65.43597	483.0274
26.4741	408.1007
68.18328	316.9399
2
7
0
1
3
4
5
6
7
3
1
2
3
6
159.6438	367.6403
188.8152	385.8225
232.1728	391.417
213.7908	488.522
165.3382	447.5621
130.8719	410.0987
2
3
0
1
5
5
1
2
3
4
5
