90
4
258.8895	257.4624
255.0362	261.173
251.8964	257.7478
254.8934	255.0362
1
4
0
1
2
3
4
254.8934	255.0362
260.0313	253.1808
263.3138	254.8934
258.8895	257.4624
1
4
0
1
2
3
3
257.3197	251.6109
260.6021	249.042
260.0313	253.1808
1
3
0
1
2
4
260.0313	253.1808
254.8934	255.0362
253.4663	252.1818
257.3197	251.6109
1
4
0
1
2
3
4
257.3197	251.6109
253.4663	252.1818
253.8944	247.9003
260.6021	249.042
1
4
0
1
2
3
4
253.4663	252.1818
247.3294	248.3284
250.8974	246.1877
253.8944	247.9003
1
4
0
1
2
3
4
253.4663	252.1818
249.8983	253.0381
245.6168	252.3245
247.3294	248.3284
1
4
0
1
2
3
4
251.8964	257.7478
249.8983	253.0381
253.4663	252.1818
254.8934	255.0362
1
4
0
1
2
3
4
249.8983	253.0381
247.7576	258.3187
242.7625	255.0362
245.6168	252.3245
1
4
0
1
2
3
5
249.8983	253.0381
251.8964	257.7478
252.4672	262.6002
244.3324	262.4575
247.7576	258.3187
2
3
0
1
4
4
1
2
3
4
5
251.8964	257.7478
255.0362	261.173
258.7468	264.8837
251.6109	267.8807
252.4672	262.6002
2
3
0
1
4
4
1
2
3
4
4
258.8895	257.4624
262.7429	259.3177
258.7468	264.8837
255.0362	261.173
1
4
0
1
2
3
4
247.3294	248.3284
244.4751	240.7644
250.8974	240.6217
250.8974	246.1877
1
4
0
1
2
3
3
245.6168	252.3245
244.4751	240.7644
247.3294	248.3284
1
3
0
1
2
4
245.6168	252.3245
234.2153	249.3116
243.7615	247.6149
244.4751	240.7644
2
3
0
2
3
3
0
1
2
4
250.8974	240.6217
255.7498	232.2727
253.8944	247.9003
250.8974	246.1877
1
4
0
1
2
3
4
253.8944	247.9003
258.8717	243.7615
263.4922	246.6337
260.6021	249.042
1
4
0
1
2
3
4
253.8944	247.9003
255.7498	232.2727
256.9985	241.2639
258.8717	243.7615
2
3
0
2
3
3
0
1
2
4
260.0313	253.1808
281.0107	250.7546
275.0166	258.3187
263.3138	254.8934
1
4
0
1
2
3
5
260.0313	253.1808
260.6021	249.042
263.4922	246.6337
278.0137	239.3372
281.0107	250.7546
1
5
0
1
2
3
4
5
258.8717	243.7615
264.5982	235.912
273.7321	225.9218
278.0137	239.3372
263.4922	246.6337
1
5
0
1
2
3
4
4
255.7498	232.2727
264.5982	235.912
258.8717	243.7615
256.9985	241.2639
1
4
0
1
2
3
4
255.7498	232.2727
263.1176	208.1713
273.7321	225.9218
264.5982	235.912
1
4
0
1
2
3
5
250.8974	240.6217
246.7586	217.216
244.3859	204.0503
263.1176	208.1713
255.7498	232.2727
2
3
0
1
4
4
1
2
3
4
5
250.8974	240.6217
244.4751	240.7644
231.2023	227.6344
239.0518	217.9296
246.7586	217.216
1
5
0
1
2
3
4
4
244.4751	240.7644
243.7615	247.6149
219.1189	231.9952
231.2023	227.6344
1
4
0
1
2
3
5
234.2153	249.3116
212.4588	246.8696
209.3507	238.6554
219.1189	231.9952
243.7615	247.6149
1
5
0
1
2
3
4
4
245.6168	252.3245
242.7625	255.0362
214.6788	254.6397
234.2153	249.3116
1
4
0
1
2
3
5
247.7576	258.3187
244.3324	262.4575
239.6405	261.3693
225.1547	262.8678
242.7625	255.0362
2
4
0
2
3
4
3
0
1
2
6
244.3324	262.4575
252.4672	262.6002
244.4275	265.296
236.2133	273.1772
240.5147	264.2415
239.6405	261.3693
3
3
0
4
5
4
0
2
3
4
3
0
1
2
5
252.4672	262.6002
251.6109	267.8807
252.9747	286.0534
241.3194	286.7195
244.4275	265.296
2
3
0
1
4
4
1
2
3
4
5
251.6109	267.8807
258.7468	264.8837
271.5121	276.3962
262.5209	284.2774
252.9747	286.0534
1
5
0
1
2
3
4
7
258.7468	264.8837
262.7429	259.3177
274.1762	263.8529
291.6035	271.0681
289.8275	278.2833
281.7243	284.2774
271.5121	276.3962
1
7
0
1
2
3
4
5
6
5
262.7429	259.3177
258.8895	257.4624
263.3138	254.8934
275.0166	258.3187
274.1762	263.8529
1
5
0
1
2
3
4
6
274.1762	263.8529
275.0166	258.3187
308.5869	258.7468
311.14	265.962
300.2617	264.852
291.6035	271.0681
2
4
0
1
4
5
4
1
2
3
4
4
275.0166	258.3187
281.0107	250.7546
308.809	248.8676
308.5869	258.7468
1
4
0
1
2
3
5
281.0107	250.7546
278.0137	239.3372
304.1469	226.3341
310.474	236.4353
308.809	248.8676
1
5
0
1
2
3
4
5
278.0137	239.3372
273.7321	225.9218
288.0931	214.4152
301.2053	203.5508
304.1469	226.3341
2
4
0
2
3
4
3
0
1
2
5
273.7321	225.9218
263.1176	208.1713
269.7361	195.9194
281.1693	204.2446
288.0931	214.4152
1
5
0
1
2
3
4
5
263.1176	208.1713
244.3859	204.0503
258.9966	202.8016
265.074	194.6984
269.7361	195.9194
2
4
0
2
3
4
3
0
1
2
8
246.7586	217.216
239.0518	217.9296
231.2023	227.6344
221.45	214.2348
211.9038	203.3566
221.9079	201.1781
234.2708	204.7996
244.3859	204.0503
3
3
0
6
7
6
0
1
3
4
5
6
3
1
2
3
6
231.2023	227.6344
219.1189	231.9952
209.3507	238.6554
198.2505	233.5493
207.0197	221.672
221.45	214.2348
2
3
0
1
5
5
1
2
3
4
5
5
234.2153	249.3116
214.6788	254.6397
204.0503	255.6249
191.1463	250.0886
212.4588	246.8696
1
5
0
1
2
3
4
5
214.6788	254.6397
242.7625	255.0362
225.1547	262.8678
206.7977	260.2454
204.0503	255.6249
1
5
0
1
2
3
4
7
239.6405	261.3693
240.5147	264.2415
236.2133	273.1772
225.904	287.219
210.1694	284.7214
206.1733	269.9858
225.1547	262.8678
1
7
0
1
2
3
4
5
6
7
236.2133	273.1772
244.4275	265.296
241.3194	286.7195
235.7693	308.8228
228.6513	300.3311
214.4152	302.7038
225.904	287.219
2
6
0
1
2
3
4
6
3
4
5
6
7
241.3194	286.7195
252.9747	286.0534
254.1263	307.9487
254.7507	326.4306
243.0122	340.5418
233.7713	334.2979
235.7693	308.8228
1
7
0
1
2
3
4
5
6
5
252.9747	286.0534
262.5209	284.2774
270.7351	304.8267
261.2444	302.3292
254.1263	307.9487
2
3
0
3
4
4
0
1
2
3
6
262.5209	284.2774
271.5121	276.3962
281.7243	284.2774
289.0921	290.7155
281.0999	302.3292
270.7351	304.8267
1
6
0
1
2
3
4
5
7
281.7243	284.2774
289.8275	278.2833
291.6035	271.0681
300.2617	264.852
309.1261	275.1593
302.5789	285.3458
289.0921	290.7155
2
3
0
1
6
6
1
2
3
4
5
6
6
311.14	265.962
308.8228	259.2463
308.809	248.8676
333.5486	244.8854
338.0442	262.1185
327.6794	268.6122
1
6
0
1
2
3
4
5
6
308.809	248.8676
310.474	236.4353
304.1469	226.3341
334.506	228.6096
351.1564	241.9299
333.5486	244.8854
2
3
0
1
5
5
1
2
3
4
5
5
334.506	228.6096
304.1469	226.3341
349.4914	212.1258
364.1437	222.116
351.1564	241.9299
2
3
0
3
4
4
0
1
2
3
6
304.1469	226.3341
301.2053	203.5508
317.6891	202.6351
324.6823	209.6282
339.5012	202.6351
349.4914	212.1258
2
4
0
3
4
5
4
0
1
2
3
10
288.0931	214.4152
281.1693	204.2446
269.7361	195.9194
265.074	194.6984
277.8947	162.0081
284.8879	164.0062
278.2278	181.1561
298.2082	187.1502
309.364	198.4725
301.2053	203.5508
3
3
0
1
9
6
1
2
6
7
8
9
5
2
3
4
5
6
8
258.9966	202.8016
244.3859	204.0503
234.2708	204.7996
230.1082	175.9945
239.0994	157.679
247.2581	161.6751
250.5881	188.8152
265.074	194.6984
2
4
0
1
6
7
6
1
2
3
4
5
6
5
234.2708	204.7996
221.9079	201.1781
211.9038	203.3566
182.1551	160.0101
230.1082	175.9945
2
3
0
1
4
4
1
2
3
4
6
221.45	214.2348
207.0197	221.672
160.5096	204.3001
184.6526	203.1346
201.303	192.9778
211.9038	203.3566
2
4
0
3
4
5
4
0
1
2
3
11
162.3412	239.0994
117.0521	230.6077
108.0609	219.2854
112.5565	207.1307
148.8544	216.9544
160.5096	204.3001
207.0197	221.672
198.2505	233.5493
209.3507	238.6554
212.4588	246.8696
191.1463	250.0886
3
3
0
9
10
8
0
1
2
3
4
7
8
9
4
4
5
6
7
7
162.3412	239.0994
191.1463	250.0886
204.0503	255.6249
206.7977	260.2454
169.5841	267.2385
156.347	247.0083
117.0521	230.6077
2
3
0
5
6
6
0
1
2
3
4
5
7
206.7977	260.2454
225.1547	262.8678
206.1733	269.9858
138.8641	293.7126
137.1158	285.2209
159.8436	278.977
169.5841	267.2385
2
4
0
1
5
6
5
1
2
3
4
5
9
206.1733	269.9858
210.1694	284.7214
225.904	287.219
214.4152	302.7038
193.0611	339.9174
173.3304	317.1896
161.3421	323.933
143.3597	314.4423
138.8641	293.7126
3
5
0
5
6
7
8
5
0
1
3
4
5
3
1
2
3
8
214.4152	302.7038
228.6513	300.3311
235.7693	308.8228
233.7713	334.2979
223.781	393.1154
195.0591	374.6334
199.0552	353.654
193.0611	339.9174
2
3
0
6
7
7
0
1
2
3
4
5
6
7
233.7713	334.2979
243.0122	340.5418
254.7507	326.4306
260.7449	352.9879
292.0476	475.8677
216.7879	472.5376
223.781	393.1154
2
6
0
1
3
4
5
6
3
1
2
3
8
254.1263	307.9487
261.2444	302.3292
270.7351	304.8267
281.0999	302.3292
300.0398	337.3366
279.7263	343.9968
271.7341	328.3454
254.7507	326.4306
2
5
0
1
2
6
7
5
2
3
4
5
6
9
254.7507	326.4306
271.7341	328.3454
279.7263	343.9968
300.0398	337.3366
332.0085	396.2789
314.3591	413.9283
348.9919	497.1802
292.0476	475.8677
260.7449	352.9879
2
7
0
1
2
5
6
7
8
4
2
3
4
5
7
281.0999	302.3292
289.0921	290.7155
302.5789	285.3458
346.6608	312.361
357.317	318.0222
333.3405	332.6745
300.0398	337.3366
2
5
0
3
4
5
6
4
0
1
2
3
7
346.5359	272.9829
327.6794	268.6122
338.0442	262.1185
333.5486	244.8854
351.1564	241.9299
363.9296	263.5992
358.3636	273.4467
2
6
0
2
3
4
5
6
3
0
1
2
6
300.2617	264.852
311.14	265.962
327.6794	268.6122
346.5359	272.9829
341.9511	287.433
309.1261	275.1593
1
6
0
1
2
3
4
5
7
302.5789	285.3458
309.1261	275.1593
341.9511	287.433
346.5359	272.9829
358.3636	273.4467
361.6461	296.7097
346.6608	312.361
2
4
0
1
2
6
5
2
3
4
5
6
7
346.6608	312.361
361.6461	296.7097
358.3636	273.4467
363.9296	263.5992
383.6246	298.7077
373.8842	329.1779
357.317	318.0222
3
3
0
1
6
3
1
5
6
5
1
2
3
4
5
5
351.1564	241.9299
364.1437	222.116
386.8715	220.784
389.1193	266.4893
363.9296	263.5992
1
5
0
1
2
3
4
10
364.1437	222.116
349.4914	212.1258
339.5012	202.6351
324.6823	209.6282
317.6891	202.6351
301.2053	203.5508
309.364	198.4725
351.9057	173.8299
369.8881	165.0885
386.8715	220.784
3
5
0
1
2
8
9
4
2
3
4
8
5
4
5
6
7
8
7
309.364	198.4725
298.2082	187.1502
278.2278	181.1561
284.8879	164.0062
292.7136	147.1061
324.6823	152.8504
351.9057	173.8299
2
3
0
1
6
6
1
2
3
4
5
6
9
284.8879	164.0062
277.8947	162.0081
265.074	194.6984
250.5881	188.8152
247.2581	161.6751
239.0994	157.679
230.1082	175.9945
224.7801	113.8886
292.7136	147.1061
4
3
0
1
8
5
1
4
5
7
8
4
1
2
3
4
3
5
6
7
4
230.1082	175.9945
182.1551	160.0101
197.4734	121.5477
224.7801	113.8886
1
4
0
1
2
3
9
182.1551	160.0101
211.9038	203.3566
201.303	192.9778
184.6526	203.1346
160.5096	204.3001
148.8544	216.9544
112.5565	207.1307
143.8592	159.8436
197.4734	121.5477
3
6
0
4
5
6
7
8
4
0
2
3
4
3
0
1
2
9
173.3304	317.1896
193.0611	339.9174
199.0552	353.654
195.0591	374.6334
223.781	393.1154
216.7879	472.5376
88.913	481.5288
24.47605	424.5846
161.3421	323.933
2
6
0
1
2
3
7
8
5
3
4
5
6
7
9
314.3591	413.9283
332.0085	396.2789
300.0398	337.3366
333.3405	332.6745
357.317	318.0222
373.8842	329.1779
502.0088	408.6002
443.566	485.0254
348.9919	497.1802
3
4
0
1
7
8
6
1
2
3
5
6
7
3
3
4
5
7
389.1193	266.4893
499.5112	258.2473
475.5347	319.6872
502.0088	408.6002
373.8842	329.1779
383.6246	298.7077
363.9296	263.5992
3
3
0
5
6
4
0
1
2
5
4
2
3
4
5
6
369.8881	165.0885
483.5269	83.91788
497.0137	144.3587
499.5112	258.2473
389.1193	266.4893
386.8715	220.784
2
3
0
1
5
5
1
2
3
4
5
8
369.8881	165.0885
351.9057	173.8299
324.6823	152.8504
292.7136	147.1061
318.1887	64.43695
345.6618	7.492669
398.61	79.42229
483.5269	83.91788
2
5
0
1
2
6
7
5
2
3
4
5
6
6
318.1887	64.43695
292.7136	147.1061
224.7801	113.8886
211.2933	6.993157
275.2307	14.48583
345.6618	7.492669
2
3
0
4
5
5
0
1
2
3
4
4
224.7801	113.8886
197.4734	121.5477
117.8847	11.98827
211.2933	6.993157
1
4
0
1
2
3
5
18.98143	98.90323
109.393	73.42815
117.8847	11.98827
197.4734	121.5477
143.8592	159.8436
2
3
0
1
4
4
1
2
3
4
8
143.8592	159.8436
112.5565	207.1307
108.0609	219.2854
117.0521	230.6077
85.91593	223.2815
84.91691	200.304
6.993157	177.3265
18.98143	98.90323
3
5
0
1
5
6
7
3
1
2
5
4
2
3
4
5
7
156.347	247.0083
76.92473	259.7458
9.490713	264.2415
6.993157	177.3265
84.91691	200.304
85.91593	223.2815
117.0521	230.6077
2
4
0
1
5
6
5
1
2
3
4
5
6
169.5841	267.2385
96.90518	283.2229
28.97165	294.2121
9.490713	264.2415
76.92473	259.7458
156.347	247.0083
2
3
0
4
5
5
0
1
2
3
4
7
137.1158	285.2209
138.8641	293.7126
5.494624	352.6549
28.97165	294.2121
96.90518	283.2229
169.5841	267.2385
159.8436	278.977
2
4
0
4
5
6
5
0
1
2
3
4
5
143.3597	314.4423
161.3421	323.933
24.47605	424.5846
5.494624	352.6549
138.8641	293.7126
2
3
0
3
4
4
0
1
2
3
