85
4
259.7458	254.3226
259.6031	258.6041
256.3206	259.0323
255.7498	255.8925
1
4
0
1
2
3
4
255.7498	255.8925
256.8915	252.7527
263.1711	252.8954
259.7458	254.3226
1
4
0
1
2
3
4
254.1799	247.7576
259.0323	249.3275
258.6358	251.0876
256.8915	252.7527
1
4
0
1
2
3
4
256.8915	252.7527
253.6407	252.1977
250.4692	248.8993
254.1799	247.7576
1
4
0
1
2
3
5
256.8915	252.7527
255.7498	255.8925
253.5297	255.9718
251.3097	253.4187
253.6407	252.1977
1
5
0
1
2
3
4
5
255.7498	255.8925
256.3206	259.0323
253.4187	260.1899
251.5316	257.5258
253.5297	255.9718
1
5
0
1
2
3
4
5
255.1947	260.9669
253.7517	263.2979
252.0867	263.8529
251.8647	261.2999
253.4187	260.1899
1
5
0
1
2
3
4
5
255.1947	260.9669
255.4167	263.187
255.4167	266.295
253.7517	265.962
253.7517	263.2979
1
5
0
1
2
3
4
6
255.1947	260.9669
253.4187	260.1899
256.3206	259.0323
257.5941	261.0522
257.5172	263.2809
255.4167	263.187
2
4
0
3
4
5
4
0
1
2
3
5
257.5941	261.0522
260.7449	260.7449
260.4375	262.4355
258.8237	264.741
257.5172	263.2809
1
5
0
1
2
3
4
4
257.5941	261.0522
256.3206	259.0323
259.6031	258.6041
260.7449	260.7449
1
4
0
1
2
3
4
259.6031	258.6041
264.0493	257.7478
263.1271	260.8217
260.7449	260.7449
1
4
0
1
2
3
4
259.6031	258.6041
263.1271	254.5202
264.2798	255.2887
264.0493	257.7478
1
4
0
1
2
3
4
259.6031	258.6041
259.7458	254.3226
263.1711	252.8954
263.1271	254.5202
1
4
0
1
2
3
6
253.6407	252.1977
251.3097	253.4187
248.1418	249.9862
245.9901	247.9113
247.9881	246.3743
250.4692	248.8993
2
5
0
2
3
4
5
3
0
1
2
4
251.3097	253.4187
247.4502	253.0601
246.528	252.5221
248.1418	249.9862
1
4
0
1
2
3
5
251.3097	253.4187
253.5297	255.9718
248.2187	255.0581
246.9122	254.2128
247.4502	253.0601
1
5
0
1
2
3
4
4
253.5297	255.9718
251.5316	257.5258
250.2936	257.5941
248.2187	255.0581
1
4
0
1
2
3
5
251.5316	257.5258
250.4473	260.8986
249.064	262.8966
247.527	258.8237
250.2936	257.5941
1
5
0
1
2
3
4
4
251.5316	257.5258
253.4187	260.1899
251.8647	261.2999
250.4473	260.8986
1
4
0
1
2
3
6
260.4375	262.4355
261.8207	264.741
261.8207	266.6621
259.8227	268.8139
259.5153	266.4316
258.8237	264.741
2
3
0
4
5
5
0
1
2
3
4
5
260.4375	262.4355
260.7449	260.7449
263.1271	260.8217
265.0483	263.204
261.8207	264.741
1
5
0
1
2
3
4
6
265.0483	263.204
273.7321	269.9177
269.3518	271.3499
267.738	273.5016
265.1252	269.5055
261.8207	264.741
2
5
0
1
2
4
5
3
2
3
4
7
264.0493	257.7478
268.1223	257.0562
272.0415	258.5163
270.1203	263.9725
273.7321	269.9177
265.0483	263.204
263.1271	260.8217
2
5
0
3
4
5
6
4
0
1
2
3
6
264.0493	257.7478
264.2798	255.2887
263.1271	254.5202
267.738	253.2138
268.8907	254.9044
268.1223	257.0562
2
3
0
1
5
5
1
2
3
4
5
6
263.1271	254.5202
263.1711	252.8954
264.8947	250.601
269.5055	249.7556
270.7351	251.4463
267.738	253.2138
1
6
0
1
2
3
4
5
7
263.1711	252.8954
256.8915	252.7527
258.6358	251.0876
259.0323	249.3275
261.8976	246.6817
267.8149	248.1418
264.8947	250.601
2
4
0
1
2
6
5
2
3
4
5
6
6
259.0323	249.3275
254.1799	247.7576
254.5202	245.6058
257.4404	244.9911
259.2848	246.0669
261.8976	246.6817
2
3
0
4
5
5
0
1
2
3
4
7
254.1799	247.7576
250.4692	248.8993
247.9881	246.3743
246.528	244.3763
250.8315	240.6876
254.597	241.6098
254.5202	245.6058
1
7
0
1
2
3
4
5
6
8
247.4502	253.0601
246.9122	254.2128
248.2187	255.0581
250.2936	257.5941
247.527	258.8237
245.3753	257.4404
244.4531	254.6739
246.528	252.5221
2
4
0
1
6
7
6
1
2
3
4
5
6
10
250.4473	260.8986
251.8647	261.2999
252.0867	263.8529
253.7517	263.2979
253.7517	265.962
252.8295	270.7351
248.6029	270.4277
249.9093	266.9695
247.4502	265.6631
249.064	262.8966
2
6
0
1
2
7
8
9
6
2
3
4
5
6
7
6
253.7517	265.962
255.4167	266.295
256.5951	270.812
257.2099	276.4218
252.599	275.0386
252.8295	270.7351
1
6
0
1
2
3
4
5
8
255.4167	266.295
255.4167	263.187
257.5172	263.2809
258.8237	264.741
259.5153	266.4316
259.8227	268.8139
259.7458	270.5814
256.5951	270.812
1
8
0
1
2
3
4
5
6
7
8
259.8227	268.8139
261.8207	266.6621
261.8207	264.741
265.1252	269.5055
267.738	273.5016
264.203	279.9568
263.6651	275.8071
259.7458	270.5814
3
4
0
1
6
7
4
1
2
3
6
4
3
4
5
6
6
268.1223	257.0562
268.8907	254.9044
267.738	253.2138
270.7351	251.4463
272.3489	254.9044
272.0415	258.5163
2
3
0
1
5
5
1
2
3
4
5
8
270.7351	251.4463
276.4218	249.9093
279.7263	254.8276
279.1115	260.5143
273.7321	269.9177
270.1203	263.9725
272.0415	258.5163
272.3489	254.9044
3
3
0
1
7
3
1
6
7
6
1
2
3
4
5
6
7
267.8149	248.1418
279.6494	240.995
276.7292	245.7595
276.4218	249.9093
270.7351	251.4463
269.5055	249.7556
264.8947	250.601
2
5
0
1
2
5
6
4
2
3
4
5
6
267.8149	248.1418
261.8976	246.6817
268.5065	240.0728
278.9578	229.2372
298.7846	230.6973
279.6494	240.995
2
4
0
1
2
5
4
2
3
4
5
6
261.8976	246.6817
259.2848	246.0669
257.4404	244.9911
259.3616	238.0747
262.8966	240.5339
268.5065	240.0728
2
3
0
4
5
5
0
1
2
3
4
5
257.4404	244.9911
254.5202	245.6058
254.597	241.6098
254.9813	238.8432
259.3616	238.0747
1
5
0
1
2
3
4
6
245.9901	247.9113
243.3004	246.2206
238.6895	242.7625
242.6088	239.0738
246.528	244.3763
247.9881	246.3743
1
6
0
1
2
3
4
5
6
245.9901	247.9113
248.1418	249.9862
246.528	252.5221
240.457	253.7517
241.2255	250.4473
243.3004	246.2206
1
6
0
1
2
3
4
5
9
246.528	252.5221
244.4531	254.6739
245.3753	257.4404
247.527	258.8237
249.064	262.8966
247.4502	265.6631
241.5818	261.2898
239.3812	258.2089
240.457	253.7517
3
3
0
1
8
4
1
2
7
8
6
2
3
4
5
6
7
8
257.2099	276.4218
256.5951	270.812
259.7458	270.5814
263.6651	275.8071
264.203	279.9568
258.2927	295.6198
252.1169	280.0896
252.599	275.0386
2
5
0
4
5
6
7
5
0
1
2
3
4
8
252.8295	270.7351
252.599	275.0386
252.1169	280.0896
248.3025	307.6081
241.9451	307.4265
234.9519	303.3395
242.6716	284.4489
248.6029	270.4277
1
8
0
1
2
3
4
5
6
7
9
242.6716	284.4489
235.951	283.3591
239.2205	277.365
232.7722	272.7331
231.0466	265.8308
241.5818	261.2898
247.4502	265.6631
249.9093	266.9695
248.6029	270.4277
2
6
0
1
2
6
7
8
5
2
3
4
5
6
9
239.3812	258.2089
241.5818	261.2898
231.0466	265.8308
203.6189	278.364
204.1639	267.8289
214.6082	265.74
217.7869	256.2039
223.781	255.7498
240.457	253.7517
3
3
0
7
8
6
0
1
2
5
6
7
4
2
3
4
5
5
223.781	255.7498
221.6922	247.3943
231.4099	248.7566
241.2255	250.4473
240.457	253.7517
1
5
0
1
2
3
4
5
231.4099	248.7566
223.3269	233.6804
238.6895	242.7625
243.3004	246.2206
241.2255	250.4473
1
5
0
1
2
3
4
6
242.6088	239.0738
230.3201	221.3289
233.6804	214.0633
245.4871	222.1463
250.8315	240.6876
246.528	244.3763
1
6
0
1
2
3
4
5
6
254.597	241.6098
250.8315	240.6876
245.4871	222.1463
253.2522	195.5587
255.7498	210.0445
254.9813	238.8432
1
6
0
1
2
3
4
5
5
254.9813	238.8432
255.7498	210.0445
283.1775	173.8299
268.4646	213.3367
259.3616	238.0747
2
3
0
3
4
4
0
1
2
3
6
268.5065	240.0728
262.8966	240.5339
259.3616	238.0747
268.4646	213.3367
318.8698	187.453
278.9578	229.2372
1
6
0
1
2
3
4
5
5
298.7846	230.6973
314.6013	239.4929
276.4218	249.9093
276.7292	245.7595
279.6494	240.995
1
5
0
1
2
3
4
7
279.7263	254.8276
276.4218	249.9093
314.6013	239.4929
348.0231	259.5642
372.9079	282.8142
296.8005	265.2859
279.1115	260.5143
2
3
0
5
6
6
0
1
2
3
4
5
5
296.8005	265.2859
303.3395	282.905
343.1188	311.9675
273.7321	269.9177
279.1115	260.5143
2
4
0
1
3
4
3
1
2
3
6
343.1188	311.9675
296.528	287.1736
278.2732	287.1736
267.738	273.5016
269.3518	271.3499
273.7321	269.9177
2
3
0
1
5
5
1
2
3
4
5
7
252.1169	280.0896
258.2927	295.6198
264.203	279.9568
271.7341	330.4267
260.4951	315.6911
259.7458	347.4101
248.3025	307.6081
2
5
0
1
4
5
6
4
1
2
3
4
6
264.203	279.9568
267.738	273.5016
278.2732	287.1736
324.4326	365.892
286.9692	368.1398
271.7341	330.4267
1
6
0
1
2
3
4
5
8
259.7458	347.4101
245.5098	368.1398
237.0181	367.89
221.783	418.3407
228.5264	319.937
234.9519	303.3395
241.9451	307.4265
248.3025	307.6081
2
5
0
1
2
6
7
5
2
3
4
5
6
7
231.0466	265.8308
232.7722	272.7331
239.2205	277.365
235.951	283.3591
219.5352	307.4492
204.3001	291.4648
203.6189	278.364
2
3
0
1
6
6
1
2
3
4
5
6
6
235.951	283.3591
242.6716	284.4489
234.9519	303.3395
228.5264	319.937
205.2991	329.9272
219.5352	307.4492
2
5
0
2
3
4
5
3
0
1
2
6
221.6922	247.3943
157.0963	235.7693
192.3118	225.5293
196.0582	217.0376
223.3269	233.6804
231.4099	248.7566
2
5
0
2
3
4
5
3
0
1
2
8
221.6922	247.3943
223.781	255.7498
217.7869	256.2039
214.6082	265.74
204.1639	267.8289
148.8544	270.2356
174.5792	253.2522
157.0963	235.7693
2
5
0
1
2
6
7
5
2
3
4
5
6
7
196.0582	217.0376
175.0787	212.0425
200.5538	185.8182
230.3201	221.3289
242.6088	239.0738
238.6895	242.7625
223.3269	233.6804
2
5
0
3
4
5
6
4
0
1
2
3
7
200.5538	185.8182
213.5411	179.0748
246.0093	185.3187
253.2522	195.5587
245.4871	222.1463
233.6804	214.0633
230.3201	221.3289
2
3
0
5
6
6
0
1
2
3
4
5
6
246.0093	185.3187
241.2639	158.3451
257.498	163.8397
272.2336	173.0806
255.7498	210.0445
253.2522	195.5587
2
4
0
1
2
5
4
2
3
4
5
8
348.0231	259.5642
403.6051	264.9907
427.5816	317.4394
420.089	353.1544
343.1188	311.9675
303.3395	282.905
296.8005	265.2859
372.9079	282.8142
2
4
0
1
2
7
6
2
3
4
5
6
7
9
298.7846	230.6973
337.6696	228.7762
336.6706	219.0357
430.8285	192.8113
439.3201	230.2747
439.3201	269.4863
403.6051	264.9907
348.0231	259.5642
314.6013	239.4929
3
3
0
1
8
4
1
6
7
8
6
1
2
3
4
5
6
8
336.6706	219.0357
337.6696	228.7762
298.7846	230.6973
278.9578	229.2372
318.8698	187.453
389.6188	145.6075
410.3485	133.6193
430.8285	192.8113
2
5
0
4
5
6
7
5
0
1
2
3
4
7
318.8698	187.453
268.4646	213.3367
283.1775	173.8299
299.2072	128.6241
306.4501	111.1413
354.4032	120.632
389.6188	145.6075
2
6
0
2
3
4
5
6
3
0
1
2
5
283.1775	173.8299
255.7498	210.0445
272.2336	173.0806
283.2229	138.1149
299.2072	128.6241
2
4
0
2
3
4
3
0
1
2
6
175.0787	212.0425
135.1178	203.3011
134.6183	166.8368
165.588	143.6095
184.8192	161.0924
200.5538	185.8182
1
6
0
1
2
3
4
5
8
175.0787	212.0425
196.0582	217.0376
192.3118	225.5293
157.0963	235.7693
104.3979	226.0288
35.21554	211.0435
32.21848	176.827
135.1178	203.3011
2
4
0
1
2
7
6
2
3
4
5
6
7
6
157.0963	235.7693
174.5792	253.2522
148.8544	270.2356
140.8622	264.4912
131.3715	243.5117
104.3979	226.0288
2
3
0
4
5
5
0
1
2
3
4
9
138.6144	345.6618
107.1452	327.4296
104.1481	289.9663
130.1227	285.7204
148.8544	270.2356
204.1639	267.8289
203.6189	278.364
204.3001	291.4648
147.6056	336.9203
3
6
0
3
4
5
6
8
4
0
1
2
3
3
6
7
8
8
204.3001	291.4648
219.5352	307.4492
205.2991	329.9272
228.5264	319.937
216.5381	355.4023
180.3236	370.6373
158.3451	361.1466
147.6056	336.9203
2
5
0
1
2
6
7
5
2
3
4
5
6
8
216.5381	355.4023
228.5264	319.937
221.783	418.3407
211.2933	483.5269
72.42913	501.5093
179.8241	417.5914
184.8192	392.6158
180.3236	370.6373
4
3
0
6
7
4
0
3
5
6
4
0
1
2
3
3
3
4
5
12
324.4326	365.892
441.0684	484.0264
353.654	471.0391
286.7195	503.0078
211.2933	483.5269
221.783	418.3407
237.0181	367.89
245.5098	368.1398
259.7458	347.4101
260.4951	315.6911
271.7341	330.4267
286.9692	368.1398
4
4
0
1
2
11
4
2
7
8
11
6
2
3
4
5
6
7
4
8
9
10
11
8
324.4326	365.892
278.2732	287.1736
296.528	287.1736
343.1188	311.9675
420.089	353.1544
504.5063	404.1046
462.0479	442.567
441.0684	484.0264
2
3
0
6
7
7
0
1
2
3
4
5
6
11
410.3485	133.6193
503.0078	76.42522
495.0157	144.8583
505.5054	265.2405
504.5063	404.1046
420.089	353.1544
427.5816	317.4394
403.6051	264.9907
439.3201	269.4863
439.3201	230.2747
430.8285	192.8113
5
3
0
1
10
3
1
9
10
4
1
2
8
9
6
2
3
4
5
6
8
3
6
7
8
13
410.3485	133.6193
389.6188	145.6075
354.4032	120.632
306.4501	111.1413
299.2072	128.6241
283.2229	138.1149
272.2336	173.0806
257.498	163.8397
241.2639	158.3451
220.784	5.994135
298.2082	9.490713
445.0645	32.46823
503.0078	76.42522
5
4
0
1
2
12
5
2
3
10
11
12
6
3
5
7
8
9
10
3
5
6
7
3
3
4
5
14
32.21848	176.827
7.99218	171.3324
28.47214	106.8954
30.47019	20.47996
128.8739	45.95503
220.784	5.994135
241.2639	158.3451
246.0093	185.3187
213.5411	179.0748
200.5538	185.8182
184.8192	161.0924
165.588	143.6095
134.6183	166.8368
135.1178	203.3011
6
3
0
12
13
5
0
2
3
11
12
3
0
1
2
4
3
4
10
11
6
4
5
6
8
9
10
3
6
7
8
12
32.21848	176.827
35.21554	211.0435
104.3979	226.0288
131.3715	243.5117
140.8622	264.4912
148.8544	270.2356
130.1227	285.7204
104.1481	289.9663
107.1452	327.4296
9.490713	398.1105
5.494624	273.2326
7.99218	171.3324
4
4
0
1
10
11
5
1
7
8
9
10
5
1
4
5
6
7
4
1
2
3
4
10
72.42913	501.5093
88.913	414.5943
9.490713	398.1105
107.1452	327.4296
138.6144	345.6618
147.6056	336.9203
158.3451	361.1466
180.3236	370.6373
184.8192	392.6158
179.8241	417.5914
3
5
0
6
7
8
9
5
0
1
4
5
6
4
1
2
3
4
