66
4
255.9	255.9
255.7	253.5
255.9515	252.752
257.6342	253.7184
1
4
0
1
2
3
4
259.2006	255.827
258.7186	257.0318
258.4777	258.1764
255.9	255.9
2
3
0
1
3
3
1
2
3
4
257.092	259.08
256.3088	258.8993
255.4052	259.4415
255.9	255.9
2
3
0
1
3
3
1
2
3
3
255.4052	259.4415
254.6	258.6
255.9	255.9
1
3
0
1
2
4
254.6	258.6
253.5377	259.1403
253.8389	257.9355
255.9	255.9
1
4
0
1
2
3
4
253.7037	257.3319
253.4774	256.8511
253.9594	256.1884
255.9	255.9
1
4
0
1
2
3
4
253.9594	256.1884
253.5979	255.2848
254.0798	254.6221
255.9	255.9
1
4
0
1
2
3
4
254.0798	254.6221
254.8365	253.3822
255.7	253.5
255.9	255.9
1
4
0
1
2
3
4
279.5	249
283.8333	263.6667
258.7186	257.0318
259.2006	255.827
1
4
0
1
2
3
5
283.8333	263.6667
288	273.5
265.75	265.5
258.4777	258.1764
258.7186	257.0318
1
5
0
1
2
3
4
3
280.8333	284
275.6667	290.6667
267.4334	274.0795
1
3
0
1
2
4
267.4334	274.0795
265.75	265.5
288	273.5
280.8333	284
1
4
0
1
2
3
4
267.4334	274.0795
275.6667	290.6667
264	292.5
265.5346	285.1562
2
3
0
1
3
3
1
2
3
5
265.5346	285.1562
264	292.5
252.5	294
256.3	276.3
257.092	259.08
2
3
0
3
4
4
0
1
2
3
4
256.3088	258.8993
257.092	259.08
256.3	276.3
255.4052	259.4415
1
4
0
1
2
3
5
256.3	276.3
252.5	294
241	298
250.4706	280.7059
255.4052	259.4415
2
3
0
3
4
4
0
1
2
3
4
254.6	258.6
255.4052	259.4415
248.6348	270.0844
253.5377	259.1403
1
4
0
1
2
3
4
241	298
248.6348	270.0844
255.4052	259.4415
250.4706	280.7059
1
4
0
1
2
3
4
248.6348	270.0844
241	298
233.3333	291.3333
253.5377	259.1403
2
3
0
2
3
3
0
1
2
4
253.7037	257.3319
238.4531	265.1051
236.2301	260.781
253.4774	256.8511
1
4
0
1
2
3
3
253.8389	257.9355
238.4531	265.1051
253.7037	257.3319
1
3
0
1
2
4
253.8389	257.9355
226.5	287
222.1	275.9
238.4531	265.1051
1
4
0
1
2
3
4
253.5377	259.1403
233.3333	291.3333
226.5	287
253.8389	257.9355
1
4
0
1
2
3
6
222.1	275.9
219.3333	269.3333
218.1	260
253.4774	256.8511
236.2301	260.781
238.4531	265.1051
2
5
0
1
2
4
5
3
2
3
4
4
218.1	260
229.8182	249.8182
253.9594	256.1884
253.4774	256.8511
1
4
0
1
2
3
3
231.5	235.5
241.6471	230.9412
254.0798	254.6221
1
3
0
1
2
4
251.0588	230.9412
255.9515	252.752
255.7	253.5
254.8365	253.3822
1
4
0
1
2
3
3
251.0588	230.9412
260.3333	232
255.9515	252.752
1
3
0
1
2
3
257.6342	253.7184
266.9	240.1
264.6	249.1
1
3
0
1
2
3
266.9	240.1
275.5	242.3
264.6	249.1
1
3
0
1
2
4
279.5	249
259.2006	255.827
264.6	249.1
275.5	242.3
1
4
0
1
2
3
4
257.5008	258.1204
257.092	259.08
255.9	255.9
258.4777	258.1764
2
3
0
2
3
3
0
1
2
4
265.5346	285.1562
257.092	259.08
257.5008	258.1204
267.4334	274.0795
1
4
0
1
2
3
4
257.5008	258.1204
258.4777	258.1764
265.75	265.5
267.4334	274.0795
1
4
0
1
2
3
4
264.6	249.1
259.2006	255.827
257.9748	254.9896
257.6342	253.7184
1
4
0
1
2
3
3
257.9748	254.9896
255.9	255.9
257.6342	253.7184
1
3
0
1
2
3
257.9748	254.9896
259.2006	255.827
255.9	255.9
1
3
0
1
2
5
229.8182	249.8182
231.5	235.5
254.0798	254.6221
253.5979	255.2848
253.9594	256.1884
2
3
0
3
4
4
0
1
2
3
4
241.6471	230.9412
251.0588	230.9412
254.8365	253.3822
254.0798	254.6221
1
4
0
1
2
3
5
257.6342	253.7184
255.9515	252.752
260.3333	232
262.3	236.9
266.9	240.1
2
3
0
3
4
4
0
1
2
3
3
231.5	235.5
229.8182	249.8182
201.2	219
1
3
0
1
2
3
241.6471	230.9412
231.5	235.5
201.2	219
1
3
0
1
2
3
229.8182	249.8182
218.1	260
201.2	219
1
3
0
1
2
3
219.3333	269.3333
199.2	294.6
218.1	260
1
3
0
1
2
3
219.3333	269.3333
222.1	275.9
199.2	294.6
1
3
0
1
2
3
226.5	287
199.2	294.6
222.1	275.9
1
3
0
1
2
4
226.5	287
233.3333	291.3333
241	298
199.2	294.6
1
4
0
1
2
3
3
241.6471	230.9412
297.3333	211.3333
251.0588	230.9412
1
3
0
1
2
3
297.3333	211.3333
260.3333	232
251.0588	230.9412
1
3
0
1
2
5
297.3333	211.3333
275.5	242.3
266.9	240.1
262.3	236.9
260.3333	232
1
5
0
1
2
3
4
3
283.8333	263.6667
279.5	249
297.3333	211.3333
1
3
0
1
2
3
252.5	294
290	314.5
241	298
1
3
0
1
2
3
252.5	294
264	292.5
290	314.5
1
3
0
1
2
3
264	292.5
275.6667	290.6667
290	314.5
1
3
0
1
2
3
275.6667	290.6667
280.8333	284
290	314.5
1
3
0
1
2
3
280.8333	284
288	273.5
290	314.5
1
3
0
1
2
3
288	273.5
283.8333	263.6667
297.3333	211.3333
1
3
0
1
2
3
279.5	249
275.5	242.3
297.3333	211.3333
1
3
0
1
2
4
511	274
288	273.5
297.3333	211.3333
510.5	0.5
1
4
0
1
2
3
4
511	274
510	511
290	314.5
288	273.5
1
4
0
1
2
3
4
510	511
241.3333	510.6667
241	298
290	314.5
1
4
0
1
2
3
4
241.3333	510.6667
0.6666667	511
199.2	294.6
241	298
1
4
0
1
2
3
4
0.3333333	2
201.2	219
218.1	260
0	259.3333
1
4
0
1
2
3
4
218.1	260
199.2	294.6
0.6666667	511
0	259.3333
1
4
0
1
2
3
4
0.3333333	2
250.6667	0.6666667
241.6471	230.9412
201.2	219
1
4
0
1
2
3
4
250.6667	0.6666667
510.5	0.5
297.3333	211.3333
241.6471	230.9412
1
4
0
1
2
3
