68
3
255.0837	255.4167
253.8551	223.5413
271.5377	223.5413
1
3
0
1
2
3
271.5377	223.5413
298.2082	206.2981
255.0837	255.4167
1
3
0
1
2
3
298.2082	206.2981
287.885	237.7673
255.0837	255.4167
1
3
0
1
2
3
287.885	237.7673
293.6405	255.7498
255.0837	255.4167
1
3
0
1
2
4
293.6405	255.7498
288.3845	263.9084
289.2204	277.8518
255.0837	255.4167
2
3
0
1
3
3
1
2
3
4
289.2204	277.8518
282.2238	283.7224
267.738	295.5442
255.0837	255.4167
1
4
0
1
2
3
3
267.738	295.5442
259.5793	298.8742
255.0837	255.4167
1
3
0
1
2
4
259.5793	298.8742
251.7537	283.7224
241.4304	292.5471
255.0837	255.4167
2
3
0
1
3
3
1
2
3
4
241.4304	292.5471
237.6008	287.0525
228.7762	287.885
255.0837	255.4167
2
3
0
1
3
3
1
2
3
4
228.7762	287.885
225.2796	273.2326
214.7898	264.075
255.0837	255.4167
2
3
0
1
3
3
1
2
3
3
214.7898	264.075
193.8104	252.7527
255.0837	255.4167
1
3
0
1
2
3
193.8104	252.7527
220.784	236.4353
255.0837	255.4167
1
3
0
1
2
3
220.784	236.4353
226.1121	221.2835
255.0837	255.4167
1
3
0
1
2
3
226.1121	221.2835
235.2698	202.1355
255.0837	255.4167
1
3
0
1
2
3
235.2698	202.1355
253.8551	223.5413
255.0837	255.4167
1
3
0
1
2
5
253.8551	223.5413
256.2493	180.8231
260.7449	160.8426
290.7155	169.8338
271.5377	223.5413
1
5
0
1
2
3
4
4
290.7155	169.8338
322.1848	185.3187
298.2082	206.2981
271.5377	223.5413
1
4
0
1
2
3
4
322.1848	185.3187
353.1544	196.3079
287.885	237.7673
298.2082	206.2981
1
4
0
1
2
3
4
353.1544	196.3079
377.6305	249.7556
293.6405	255.7498
287.885	237.7673
1
4
0
1
2
3
4
377.6305	249.7556
360.6471	282.7234
288.3845	263.9084
293.6405	255.7498
1
4
0
1
2
3
4
360.6471	282.7234
324.6823	293.2131
289.2204	277.8518
288.3845	263.9084
1
4
0
1
2
3
5
324.6823	293.2131
351.6559	305.7009
336.1711	331.6755
282.2238	283.7224
289.2204	277.8518
1
5
0
1
2
3
4
4
336.1711	331.6755
322.1848	355.652
296.7097	331.176
282.2238	283.7224
1
4
0
1
2
3
4
296.7097	331.176
278.2278	341.1662
267.738	295.5442
282.2238	283.7224
1
4
0
1
2
3
5
278.2278	341.1662
287.219	370.1378
260.2454	380.1281
259.5793	298.8742
267.738	295.5442
2
3
0
3
4
4
0
1
2
3
6
260.2454	380.1281
230.7742	378.6295
219.2854	346.6608
245.7595	340.1671
251.7537	283.7224
259.5793	298.8742
2
4
0
3
4
5
4
0
1
2
3
4
219.2854	346.6608
241.4304	292.5471
251.7537	283.7224
245.7595	340.1671
1
4
0
1
2
3
4
219.2854	346.6608
192.3118	355.1525
237.6008	287.0525
241.4304	292.5471
1
4
0
1
2
3
4
192.3118	355.1525
204.3001	313.1935
228.7762	287.885
237.6008	287.0525
1
4
0
1
2
3
5
192.3118	355.1525
180.8231	315.1916
225.2796	273.2326
228.7762	287.885
204.3001	313.1935
2
3
0
1
4
4
1
2
3
4
5
180.8231	315.1916
156.347	299.2072
135.3676	280.2258
214.7898	264.075
225.2796	273.2326
1
5
0
1
2
3
4
4
135.3676	280.2258
122.8798	239.0994
193.8104	252.7527
214.7898	264.075
1
4
0
1
2
3
6
122.8798	239.0994
106.8954	201.4695
131.3715	193.8104
142.3607	152.8504
220.784	236.4353
193.8104	252.7527
2
5
0
2
3
4
5
3
0
1
2
4
142.3607	152.8504
205.7986	176.827
226.1121	221.2835
220.784	236.4353
1
4
0
1
2
3
5
205.7986	176.827
224.2805	146.8563
232.7722	179.3245
235.2698	202.1355
226.1121	221.2835
1
5
0
1
2
3
4
4
232.7722	179.3245
256.2493	180.8231
253.8551	223.5413
235.2698	202.1355
1
4
0
1
2
3
4
260.7449	160.8426
272.2336	85.91593
329.6774	91.41056
290.7155	169.8338
1
4
0
1
2
3
4
329.6774	91.41056
376.6315	117.3851
322.1848	185.3187
290.7155	169.8338
1
4
0
1
2
3
4
376.6315	117.3851
459.0508	133.3695
353.1544	196.3079
322.1848	185.3187
1
4
0
1
2
3
3
459.0508	133.3695
463.5464	200.8035
353.1544	196.3079
1
3
0
1
2
4
463.5464	200.8035
433.0762	245.7595
377.6305	249.7556
353.1544	196.3079
1
4
0
1
2
3
4
433.0762	245.7595
421.5875	314.1926
360.6471	282.7234
377.6305	249.7556
1
4
0
1
2
3
6
421.5875	314.1926
388.6198	385.6227
336.1711	331.6755
351.6559	305.7009
324.6823	293.2131
360.6471	282.7234
2
4
0
3
4
5
4
0
1
2
3
4
388.6198	385.6227
344.6628	397.611
322.1848	355.652
336.1711	331.6755
1
4
0
1
2
3
6
344.6628	397.611
308.1984	445.564
287.219	370.1378
278.2278	341.1662
296.7097	331.176
322.1848	355.652
2
5
0
2
3
4
5
3
0
1
2
4
308.1984	445.564
217.7869	479.5308
260.2454	380.1281
287.219	370.1378
1
4
0
1
2
3
3
217.7869	479.5308
230.7742	378.6295
260.2454	380.1281
1
3
0
1
2
5
217.7869	479.5308
146.3568	436.5728
192.3118	355.1525
219.2854	346.6608
230.7742	378.6295
1
5
0
1
2
3
4
4
146.3568	436.5728
71.92962	407.6012
180.8231	315.1916
192.3118	355.1525
1
4
0
1
2
3
4
71.92962	407.6012
65.93549	338.6686
156.347	299.2072
180.8231	315.1916
1
4
0
1
2
3
4
65.93549	338.6686
34.96579	283.7224
135.3676	280.2258
156.347	299.2072
1
4
0
1
2
3
4
34.96579	283.7224
56.27827	225.1131
122.8798	239.0994
135.3676	280.2258
1
4
0
1
2
3
3
56.27827	225.1131
106.8954	201.4695
122.8798	239.0994
1
3
0
1
2
4
56.27827	225.1131
51.44966	146.8563
131.3715	193.8104
106.8954	201.4695
2
3
0
1
3
3
1
2
3
4
51.44966	146.8563
71.92962	75.9257
142.3607	152.8504
131.3715	193.8104
1
4
0
1
2
3
4
71.92962	75.9257
152.8504	81.91985
205.7986	176.827
142.3607	152.8504
1
4
0
1
2
3
4
152.8504	81.91985
212.2923	49.45161
224.2805	146.8563
205.7986	176.827
1
4
0
1
2
3
6
212.2923	49.45161
272.2336	85.91593
260.7449	160.8426
256.2493	180.8231
232.7722	179.3245
224.2805	146.8563
1
6
0
1
2
3
4
5
5
212.2923	49.45161
203.8006	0
374.1339	0
329.6774	91.41056
272.2336	85.91593
1
5
0
1
2
3
4
6
374.1339	0
511	0
511	103.8983
459.0508	133.3695
376.6315	117.3851
329.6774	91.41056
1
6
0
1
2
3
4
5
5
511	103.8983
511	239.7654
433.0762	245.7595
463.5464	200.8035
459.0508	133.3695
2
4
0
1
3
4
3
1
2
3
5
511	239.7654
511	511
388.6198	385.6227
421.5875	314.1926
433.0762	245.7595
2
3
0
3
4
4
0
1
2
3
5
511	511
327.6794	511
308.1984	445.564
344.6628	397.611
388.6198	385.6227
1
5
0
1
2
3
4
5
327.6794	511
103.8983	511
146.3568	436.5728
217.7869	479.5308
308.1984	445.564
3
3
0
3
4
3
0
1
3
3
1
2
3
6
103.8983	511
0	511
0	365.1427
65.93549	338.6686
71.92962	407.6012
146.3568	436.5728
2
4
0
1
4
5
4
1
2
3
4
5
0	365.1427
0	214.2903
56.27827	225.1131
34.96579	283.7224
65.93549	338.6686
2
3
0
3
4
4
0
1
2
3
5
0	214.2903
0	0
71.92962	75.9257
51.44966	146.8563
56.27827	225.1131
2
3
0
3
4
4
0
1
2
3
5
0	0
203.8006	0
212.2923	49.45161
152.8504	81.91985
71.92962	75.9257
1
5
0
1
2
3
4
