38
9
256.1344	257.7998
255.1146	257.1006
254.6852	256.0808
254.6315	254.8463
256.1344	254.4691
256.9672	254.4691
257.7998	255.3018
257.7998	256.1344
257.047	257.4226
1
9
0
1
2
3
4
5
6
7
8
5
270.5294	224.4392
286.5608	232.4549
274.5373	242.4745
256.9672	254.4691
262.5137	240.4706
1
5
0
1
2
3
4
9
256.9672	254.4691
274.5373	242.4745
286.5608	232.4549
294.5765	228.4471
298.5843	246.4823
298.5843	260.5098
290.5686	260.5098
272.5333	256.502
257.7998	255.3018
2
4
0
1
7
8
7
1
2
3
4
5
6
7
7
290.5686	260.5098
296.5804	270.5294
294.5765	280.549
272.5333	266.5216
257.7998	256.1344
257.7998	255.3018
272.5333	256.502
1
7
0
1
2
3
4
5
6
13
296.5804	270.5294
290.5686	260.5098
298.5843	260.5098
322.6314	262.5137
346.6784	260.5098
372.7294	254.498
394.7726	248.4863
390.7647	270.5294
384.7529	288.5647
368.7216	304.5961
350.6863	314.6157
322.6314	296.5804
294.5765	280.549
4
4
0
3
4
12
4
0
1
2
3
4
4
5
11
12
7
5
6
7
8
9
10
11
10
372.7294	254.498
346.6784	260.5098
322.6314	262.5137
298.5843	260.5098
298.5843	246.4823
294.5765	228.4471
370.7255	180.3529
386.7569	198.3882
394.7726	224.4392
394.7726	248.4863
2
7
0
4
5
6
7
8
9
5
0
1
2
3
4
10
294.5765	228.4471
286.5608	232.4549
270.5294	224.4392
296.5804	164.3216
318.6235	176.3451
330.6471	188.3686
344.6745	180.3529
356.698	166.3255
364.7137	170.3333
370.7255	180.3529
3
4
0
5
6
9
6
0
1
2
3
4
5
4
6
7
8
9
17
160.3137	84.1647
166.3255	120.2353
170.3333	158.3098
182.3569	186.3647
202.3961	208.4078
224.4392	228.4471
210.4118	240.4706
148.2902	220.4314
122.2392	208.4078
106.2078	172.3372
82.16078	128.251
54.10588	94.18431
58.11372	76.14902
74.1451	56.1098
98.19215	44.08627
126.2471	40.07843
160.3137	42.08235
5
3
0
15
16
5
0
1
2
14
15
7
2
3
10
11
12
13
14
4
3
4
9
10
6
4
5
6
7
8
9
9
148.2902	220.4314
210.4118	240.4706
208.4078	254.498
170.3333	260.5098
96.18823	268.5255
98.19215	250.4902
106.2078	240.4706
120.2353	230.451
122.2392	208.4078
2
3
0
7
8
8
0
1
2
3
4
5
6
7
10
364.7137	170.3333
356.698	166.3255
344.6745	180.3529
330.6471	188.3686
318.6235	176.3451
296.5804	164.3216
356.698	0
511	0
511	62.12157
370.7255	180.3529
4
3
0
8
9
3
0
1
8
6
1
4
5
6
7
8
4
1
2
3
4
6
394.7726	224.4392
386.7569	198.3882
370.7255	180.3529
511	62.12157
511	218.4274
394.7726	248.4863
3
3
0
4
5
3
0
1
4
4
1
2
3
4
8
368.7216	304.5961
384.7529	288.5647
390.7647	270.5294
394.7726	248.4863
511	218.4274
511	422.8275
366.7177	326.6392
350.6863	314.6157
4
3
0
6
7
4
0
1
5
6
3
1
2
5
4
2
3
4
5
10
170.3333	260.5098
208.4078	254.498
216.4235	262.5137
180.3529	276.5412
162.3176	298.5843
130.2549	342.6706
114.2235	328.6431
106.2078	308.6039
100.1961	286.5608
96.18823	268.5255
3
7
0
4
5
6
7
8
9
3
0
3
4
4
0
1
2
3
12
180.3529	276.5412
216.4235	262.5137
224.4392	262.5137
226.4431	272.5333
232.4549	278.5451
212.4157	294.5765
202.3961	308.6039
194.3804	332.651
192.3765	356.698
178.349	338.6628
166.3255	320.6274
162.3176	298.5843
4
6
0
7
8
9
10
11
3
0
6
7
6
0
1
2
3
5
6
3
3
4
5
13
194.3804	332.651
202.3961	308.6039
212.4157	294.5765
232.4549	278.5451
242.4745	284.5569
240.4706	296.5804
248.4863	296.5804
246.4823	324.6353
248.4863	352.6902
248.4863	376.7372
230.451	376.7372
210.4118	372.7294
192.3765	356.698
3
7
0
7
8
9
10
11
12
4
0
5
6
7
6
0
1
2
3
4
5
7
306.6	354.6941
326.6392	356.698
352.6902	346.6784
366.7177	326.6392
511	422.8275
511	511
352.6902	511
3
3
0
1
6
3
1
2
6
5
2
3
4
5
6
3
254.6852	256.0808
208.4078	254.498
210.4118	240.4706
1
3
0
1
2
7
255.1146	257.1006
232.4549	278.5451
226.4431	272.5333
224.4392	262.5137
216.4235	262.5137
208.4078	254.498
254.6852	256.0808
2
5
0
3
4
5
6
4
0
1
2
3
7
256.1344	257.7998
257.047	257.4226
248.4863	296.5804
240.4706	296.5804
242.4745	284.5569
232.4549	278.5451
255.1146	257.1006
2
4
0
4
5
6
5
0
1
2
3
4
5
254.6852	256.0808
210.4118	240.4706
224.4392	228.4471
238.4667	240.4706
254.6315	254.8463
1
5
0
1
2
3
4
4
254.6315	254.8463
238.4667	240.4706
254.498	240.4706
256.1344	254.4691
1
4
0
1
2
3
6
262.5137	240.4706
256.9672	254.4691
256.1344	254.4691
254.498	240.4706
252.4941	220.4314
270.5294	224.4392
2
3
0
4
5
5
0
1
2
3
4
10
226.4431	96.18823
206.4039	98.19215
186.3647	106.2078
166.3255	120.2353
160.3137	84.1647
160.3137	42.08235
168.3294	0
226.4431	0
238.4667	78.15294
246.4823	98.19215
4
3
0
8
9
3
0
1
8
4
1
2
7
8
6
2
3
4
5
6
7
10
160.3137	42.08235
126.2471	40.07843
98.19215	44.08627
74.1451	56.1098
58.11372	76.14902
54.10588	94.18431
38.07451	78.15294
0	56.1098
0	0
168.3294	0
5
3
0
1
9
3
1
2
9
4
2
3
8
9
5
3
4
6
7
8
3
4
5
6
9
38.07451	78.15294
54.10588	94.18431
82.16078	128.251
106.2078	172.3372
122.2392	208.4078
96.18823	196.3843
40.07843	166.3255
0	150.2941
0	56.1098
2
4
0
6
7
8
7
0
1
2
3
4
5
6
11
40.07843	166.3255
96.18823	196.3843
122.2392	208.4078
120.2353	230.451
106.2078	240.4706
98.19215	250.4902
96.18823	268.5255
60.11765	266.5216
26.05098	252.4941
0	228.4471
0	150.2941
3
7
0
5
6
7
8
9
10
4
0
1
4
5
4
1
2
3
4
6
210.4118	372.7294
230.451	376.7372
248.4863	376.7372
252.4941	511
144.2823	511
192.3765	356.698
3
3
0
4
5
3
0
1
4
4
1
2
3
4
7
226.4431	0
356.698	0
296.5804	164.3216
282.5529	132.2588
258.5059	106.2078
246.4823	98.19215
238.4667	78.15294
3
4
0
4
5
6
3
0
3
4
4
0
1
2
3
11
26.05098	252.4941
60.11765	266.5216
96.18823	268.5255
100.1961	286.5608
106.2078	308.6039
114.2235	328.6431
130.2549	342.6706
114.2235	362.7098
54.10588	400.7843
0	418.8196
0	228.4471
5
3
0
9
10
6
0
5
6
7
8
9
3
0
4
5
4
0
1
3
4
3
1
2
3
10
144.2823	511
0	511
0	418.8196
54.10588	400.7843
114.2235	362.7098
130.2549	342.6706
162.3176	298.5843
166.3255	320.6274
178.349	338.6628
192.3765	356.698
4
5
0
3
4
8
9
4
0
1
2
3
4
4
5
7
8
3
5
6
7
6
246.4823	98.19215
258.5059	106.2078
282.5529	132.2588
296.5804	164.3216
270.5294	224.4392
252.4941	220.4314
1
6
0
1
2
3
4
5
5
296.5804	330.6471
306.6	354.6941
352.6902	511
252.4941	511
248.4863	376.7372
1
5
0
1
2
3
4
4
257.047	257.4226
280.549	296.5804
246.4823	324.6353
248.4863	296.5804
1
4
0
1
2
3
5
280.549	296.5804
296.5804	330.6471
248.4863	376.7372
248.4863	352.6902
246.4823	324.6353
2
3
0
3
4
4
0
1
2
3
5
257.047	257.4226
257.7998	256.1344
272.5333	266.5216
294.5765	280.549
280.549	296.5804
2
4
0
2
3
4
3
0
1
2
9
280.549	296.5804
294.5765	280.549
322.6314	296.5804
350.6863	314.6157
366.7177	326.6392
352.6902	346.6784
326.6392	356.698
306.6	354.6941
296.5804	330.6471
2
3
0
1
8
8
1
2
3
4
5
6
7
8
4
238.4667	240.4706
224.4392	228.4471
252.4941	220.4314
254.498	240.4706
1
4
0
1
2
3
10
224.4392	228.4471
202.3961	208.4078
182.3569	186.3647
170.3333	158.3098
166.3255	120.2353
186.3647	106.2078
206.4039	98.19215
226.4431	96.18823
246.4823	98.19215
252.4941	220.4314
1
10
0
1
2
3
4
5
6
7
8
9
