68
3
255.9496	255.9496
255.5999	253.2022
256.9985	253.2022
1
3
0
1
2
3
256.9985	253.2022
258.4971	252.6528
255.9496	255.9496
1
3
0
1
2
3
258.4971	252.6528
258.547	254.9505
255.9496	255.9496
1
3
0
1
2
3
258.547	254.9505
258.7468	255.7498
255.9496	255.9496
1
3
0
1
2
4
258.7468	255.7498
258.8967	256.6489
258.3972	257.498
255.9496	255.9496
1
4
0
1
2
3
4
258.3972	257.498
257.8477	258.1474
256.9486	258.3472
255.9496	255.9496
1
4
0
1
2
3
3
256.9486	258.3472
256.1494	258.6469
255.9496	255.9496
1
3
0
1
2
4
256.1494	258.6469
255.3002	259.0965
254.451	258.6969
255.9496	255.9496
1
4
0
1
2
3
4
254.451	258.6969
253.452	259.0465
253.8017	257.7478
255.9496	255.9496
1
4
0
1
2
3
4
253.8017	257.7478
253.0024	256.9486
253.6019	256.1993
255.9496	255.9496
1
4
0
1
2
3
3
253.6019	256.1993
252.9025	255.4001
255.9496	255.9496
1
3
0
1
2
3
252.9025	255.4001
253.6518	254.6009
255.9496	255.9496
1
3
0
1
2
3
253.6518	254.6009
253.5519	253.502
255.9496	255.9496
1
3
0
1
2
3
253.5519	253.502
254.4011	252.6028
255.9496	255.9496
1
3
0
1
2
3
254.4011	252.6028
255.5999	253.2022
255.9496	255.9496
1
3
0
1
2
5
255.5999	253.2022
255.4869	228.2503
255.6446	223.8336
263.3739	225.0956
256.9985	253.2022
1
5
0
1
2
3
4
4
263.3739	225.0956
274.5208	232.3516
258.4971	252.6528
256.9985	253.2022
1
4
0
1
2
3
4
274.5208	232.3516
282.8285	242.6047
258.547	254.9505
258.4971	252.6528
1
4
0
1
2
3
4
282.8285	242.6047
285.0369	254.2775
258.7468	255.7498
258.547	254.9505
1
4
0
1
2
3
4
285.0369	254.2775
280.9356	262.1119
258.8967	256.6489
258.7468	255.7498
1
4
0
1
2
3
4
280.9356	262.1119
275.5724	268.8422
258.3972	257.498
258.8967	256.6489
1
4
0
1
2
3
5
275.5724	268.8422
281.0408	272.7331
277.1499	277.9911
257.8477	258.1474
258.3972	257.498
1
5
0
1
2
3
4
4
277.1499	277.9911
271.3661	282.4605
267.2122	274.8889
257.8477	258.1474
2
3
0
2
3
3
0
1
2
4
267.2122	274.8889
262.7955	280.8305
256.9486	258.3472
257.8477	258.1474
1
4
0
1
2
3
5
262.7955	280.8305
263.7945	285.5627
256.9591	286.9298
256.1494	258.6469
256.9486	258.3472
1
5
0
1
2
3
4
6
256.9591	286.9298
243.1831	287.8762
244.3924	283.8801
252.8053	276.887
255.3002	259.0965
256.1494	258.6469
2
4
0
3
4
5
4
0
1
2
3
4
244.3924	283.8801
254.451	258.6969
255.3002	259.0965
252.8053	276.887
1
4
0
1
2
3
4
244.3924	283.8801
237.189	281.1985
253.452	259.0465
254.451	258.6969
1
4
0
1
2
3
4
237.189	281.1985
240.9747	268.369
253.8017	257.7478
253.452	259.0465
1
4
0
1
2
3
5
237.189	281.1985
230.3536	268.6844
253.0024	256.9486
253.8017	257.7478
240.9747	268.369
2
3
0
1
4
4
1
2
3
4
5
230.3536	268.6844
228.1452	264.1626
226.41	254.6456
253.6019	256.1993
253.0024	256.9486
1
5
0
1
2
3
4
4
226.41	254.6456
229.302	248.3885
252.9025	255.4001
253.6019	256.1993
1
4
0
1
2
3
6
229.302	248.3885
224.4646	246.2853
221.8356	240.817
223.8336	233.7713
253.6518	254.6009
252.9025	255.4001
1
6
0
1
2
3
4
5
4
223.8336	233.7713
232.7722	226.8833
253.5519	253.502
253.6518	254.6009
1
4
0
1
2
3
5
232.7722	226.8833
242.815	224.7275
245.1812	229.302
254.4011	252.6028
253.5519	253.502
1
5
0
1
2
3
4
4
245.1812	229.302
255.4869	228.2503
255.5999	253.2022
254.4011	252.6028
1
4
0
1
2
3
4
255.6446	223.8336
253.5519	206.9975
277.9281	203.8006
263.3739	225.0956
1
4
0
1
2
3
4
277.9281	203.8006
287.119	216.9877
274.5208	232.3516
263.3739	225.0956
1
4
0
1
2
3
4
287.119	216.9877
303.7028	223.9808
282.8285	242.6047
274.5208	232.3516
1
4
0
1
2
3
3
303.7028	223.9808
299.7068	239.9652
282.8285	242.6047
1
3
0
1
2
4
299.7068	239.9652
304.7018	252.3531
285.0369	254.2775
282.8285	242.6047
1
4
0
1
2
3
4
304.7018	252.3531
297.5089	268.7371
280.9356	262.1119
285.0369	254.2775
1
4
0
1
2
3
6
297.5089	268.7371
294.5118	289.1171
277.1499	277.9911
281.0408	272.7331
275.5724	268.8422
280.9356	262.1119
2
4
0
3
4
5
4
0
1
2
3
4
294.5118	289.1171
281.7243	296.1103
271.3661	282.4605
277.1499	277.9911
1
4
0
1
2
3
6
281.7243	296.1103
270.1357	305.5011
263.7945	285.5627
262.7955	280.8305
267.2122	274.8889
271.3661	282.4605
2
3
0
1
5
5
1
2
3
4
5
4
270.1357	305.5011
245.7595	305.7009
256.9591	286.9298
263.7945	285.5627
1
4
0
1
2
3
3
245.7595	305.7009
243.1831	287.8762
256.9591	286.9298
1
3
0
1
2
5
245.7595	305.7009
223.5812	306.3003
237.189	281.1985
244.3924	283.8801
243.1831	287.8762
2
3
0
1
4
4
1
2
3
4
4
223.5812	306.3003
215.5891	289.9164
230.3536	268.6844
237.189	281.1985
1
4
0
1
2
3
4
215.5891	289.9164
203.0014	281.7243
228.1452	264.1626
230.3536	268.6844
1
4
0
1
2
3
4
203.0014	281.7243
202.6018	265.1406
226.41	254.6456
228.1452	264.1626
1
4
0
1
2
3
4
202.6018	265.1406
194.4098	253.3521
229.302	248.3885
226.41	254.6456
1
4
0
1
2
3
3
194.4098	253.3521
224.4646	246.2853
229.302	248.3885
1
3
0
1
2
4
194.4098	253.3521
201.4029	233.9711
221.8356	240.817
224.4646	246.2853
1
4
0
1
2
3
4
201.4029	233.9711
203.0014	220.3844
223.8336	233.7713
221.8356	240.817
1
4
0
1
2
3
4
203.0014	220.3844
221.9828	212.7918
232.7722	226.8833
223.8336	233.7713
1
4
0
1
2
3
4
221.9828	212.7918
236.7683	200.2041
242.815	224.7275
232.7722	226.8833
1
4
0
1
2
3
6
236.7683	200.2041
253.5519	206.9975
255.6446	223.8336
255.4869	228.2503
245.1812	229.302
242.815	224.7275
1
6
0
1
2
3
4
5
5
236.7683	200.2041
203.8006	0
374.1339	0
277.9281	203.8006
253.5519	206.9975
1
5
0
1
2
3
4
6
374.1339	0
511	0
511	103.8983
303.7028	223.9808
287.119	216.9877
277.9281	203.8006
1
6
0
1
2
3
4
5
5
511	103.8983
511	239.7654
304.7018	252.3531
299.7068	239.9652
303.7028	223.9808
1
5
0
1
2
3
4
5
511	239.7654
511	511
294.5118	289.1171
297.5089	268.7371
304.7018	252.3531
1
5
0
1
2
3
4
5
511	511
327.6794	511
270.1357	305.5011
281.7243	296.1103
294.5118	289.1171
1
5
0
1
2
3
4
5
327.6794	511
103.8983	511
223.5812	306.3003
245.7595	305.7009
270.1357	305.5011
1
5
0
1
2
3
4
6
103.8983	511
0	511
0	365.1427
203.0014	281.7243
215.5891	289.9164
223.5812	306.3003
1
6
0
1
2
3
4
5
5
0	365.1427
0	214.2903
194.4098	253.3521
202.6018	265.1406
203.0014	281.7243
1
5
0
1
2
3
4
5
0	214.2903
0	0
203.0014	220.3844
201.4029	233.9711
194.4098	253.3521
1
5
0
1
2
3
4
5
0	0
203.8006	0
236.7683	200.2041
221.9828	212.7918
203.0014	220.3844
1
5
0
1
2
3
4
