41
3
264.5095	291.3588
245.6681	292.7719
256.502	256.8536
1
3
0
1
2
4
256.502	256.8536
285.7063	277.6987
280.9959	286.1774
264.5095	291.3588
1
4
0
1
2
3
3
256.502	256.8536
289.6577	260.8742
285.7063	277.6987
1
3
0
1
2
5
256.502	256.8536
268.8899	249.5793
286.743	235.3697
304.2317	256.1376
289.6577	260.8742
2
3
0
1
4
4
1
2
3
4
3
256.502	256.8536
266.8649	231.0659
268.8899	249.5793
1
3
0
1
2
3
266.8649	231.0659
256.502	256.8536
252.4645	226.8938
1
3
0
1
2
4
245.6681	292.7719
244.0383	284.5452
237.1894	276.7566
256.502	256.8536
2
3
0
1
3
3
1
2
3
4
237.1894	276.7566
228.8049	272.8234
229.7941	262.9316
256.502	256.8536
1
4
0
1
2
3
5
229.7941	262.9316
218.9131	264.4155
215.451	245.1264
229.1818	234.3631
256.502	256.8536
1
5
0
1
2
3
4
4
229.1818	234.3631
234.74	216.9348
252.4645	226.8938
256.502	256.8536
1
4
0
1
2
3
4
234.74	216.9348
215.851	162.6039
245.051	147.1451
252.4645	226.8938
1
4
0
1
2
3
3
245.051	147.1451
270.8157	163.749
252.4645	226.8938
1
3
0
1
2
4
270.8157	163.749
298.8706	146
266.8649	231.0659
252.4645	226.8938
1
4
0
1
2
3
5
268.8899	249.5793
266.8649	231.0659
298.8706	146
281.2777	220.4314
286.743	235.3697
2
3
0
3
4
4
0
1
2
3
4
234.74	216.9348
229.1818	234.3631
209.5529	206.6902
215.851	162.6039
1
4
0
1
2
3
4
229.1818	234.3631
215.451	245.1264
136.8392	210.698
209.5529	206.6902
1
4
0
1
2
3
4
218.9131	264.4155
174.6275	266.8078
136.8392	210.698
215.451	245.1264
1
4
0
1
2
3
5
165.4667	309.749
174.6275	266.8078
218.9131	264.4155
229.7941	262.9316
228.8049	272.8234
2
4
0
2
3
4
3
0
1
2
4
237.1894	276.7566
199.2471	320.0549
165.4667	309.749
228.8049	272.8234
1
4
0
1
2
3
5
244.0383	284.5452
245.6681	292.7719
213.5608	377.3098
199.2471	320.0549
237.1894	276.7566
1
5
0
1
2
3
4
5
248.4863	355.5529
213.5608	377.3098
245.6681	292.7719
264.5095	291.3588
278.2588	380.7451
2
3
0
3
4
4
0
1
2
3
4
280.9959	286.1774
296.0078	353.2628
278.2588	380.7451
264.5095	291.3588
1
4
0
1
2
3
3
280.9959	286.1774
349.2549	397.349
296.0078	353.2628
1
3
0
1
2
5
285.7063	277.6987
375.5922	340.6667
336.0863	333.7961
349.2549	397.349
280.9959	286.1774
2
4
0
2
3
4
3
0
1
2
5
304.2317	256.1376
318.3372	280.549
375.5922	340.6667
285.7063	277.6987
289.6577	260.8742
2
3
0
1
4
4
1
2
3
4
4
304.2317	256.1376
286.743	235.3697
342.3843	249.6314
318.3372	280.549
2
3
0
2
3
3
0
1
2
3
286.743	235.3697
335.5137	195.8118
342.3843	249.6314
1
3
0
1
2
4
298.8706	146
335.5137	195.8118
286.743	235.3697
281.2777	220.4314
1
4
0
1
2
3
5
298.8706	146
354.9804	0
511	0.4453159
511	61.8353
335.5137	195.8118
1
5
0
1
2
3
4
5
318.3372	280.549
342.3843	249.6314
511	204.9725
511	443.1529
375.5922	340.6667
1
5
0
1
2
3
4
4
511	61.8353
511	204.9725
342.3843	249.6314
335.5137	195.8118
1
4
0
1
2
3
6
336.0863	333.7961
375.5922	340.6667
511	443.1529
511	510.7137
416.2431	511
349.2549	397.349
1
6
0
1
2
3
4
5
5
296.0078	353.2628
349.2549	397.349
416.2431	511
295.4353	510.7137
278.2588	380.7451
1
5
0
1
2
3
4
5
278.2588	380.7451
295.4353	510.7137
157.451	511
213.5608	377.3098
248.4863	355.5529
1
5
0
1
2
3
4
4
0	424.2588
0	271.9608
174.6275	266.8078
165.4667	309.749
1
4
0
1
2
3
4
0	271.9608
0	152.298
136.8392	210.698
174.6275	266.8078
1
4
0
1
2
3
5
84.1647	0
239.3255	0
245.051	147.1451
215.851	162.6039
209.5529	206.6902
2
3
0
3
4
4
0
1
2
3
5
239.3255	0
354.9804	0
298.8706	146
270.8157	163.749
245.051	147.1451
1
5
0
1
2
3
4
5
0.4453159	0
84.1647	0
209.5529	206.6902
136.8392	210.698
0	152.298
1
5
0
1
2
3
4
5
165.4667	309.749
199.2471	320.0549
44.08627	511
0	511
0	424.2588
1
5
0
1
2
3
4
4
199.2471	320.0549
213.5608	377.3098
157.451	511
44.08627	511
1
4
0
1
2
3
