NUMENTRIES 2165
4034
4134
4234
4334
7334
7434
7534
7634
7734
7834
7934
8034
8134
8234
8334
8434
8534
8634
8734
8834
8934
9034
9134
9234
3835
3935
4035
4135
4235
4335
7335
7435
7535
7635
7735
7835
7935
8035
8135
8235
8335
8435
8535
8635
8735
8835
8935
9035
9135
9235
3836
3936
7336
7436
7536
7636
7736
7836
7936
8036
8136
8236
8336
8436
8536
8636
8736
8836
8936
9036
9136
9236
3236
3437
3837
3937
4037
4137
4237
7337
7437
7537
7637
7737
7837
7937
8037
8137
8237
8337
8437
8537
8637
8737
8837
8937
9037
9137
9237
3237
3337
3438
3538
3638
3738
3838
3938
4038
4138
4238
7338
7438
7538
7638
7738
7838
7938
8038
8138
8238
8338
8438
8538
8638
8738
8838
8938
9038
9138
9238
3238
3338
3539
3639
3739
3839
3939
4039
4139
7339
7439
7539
7639
7739
7839
7939
8039
8139
8239
8339
8439
8539
8639
8739
8839
8939
9039
9139
9239
3540
3640
3740
3840
3940
4040
4140
4440
7340
7440
7540
7640
7740
7840
7940
8040
8140
8240
8340
8440
8540
8640
8740
8840
8940
9040
9140
9240
3941
4041
4141
4441
7341
7441
7541
7641
7741
7841
7941
8041
8141
8241
8341
8441
8541
8641
8741
8841
8941
9041
9141
9241
3942
4042
7342
7442
7542
7642
7742
7842
7942
8042
8142
8242
8342
8442
8542
8642
8742
8842
8942
9042
9142
9242
3943
4043
7343
7443
7543
7643
7743
7843
7943
8043
8143
8243
8343
8443
8543
8643
8743
8843
8943
9043
9143
9243
3944
4044
7344
7444
7544
7644
7744
7844
7944
8044
8144
8244
8344
8444
8544
8644
8744
8844
8944
9044
9144
9244
7345
7445
7545
7645
7745
7845
7945
8045
8145
8245
8345
8445
8545
8645
8745
8845
8945
9045
9145
9245
7346
7446
7546
7646
7746
7846
7946
8046
8146
8246
8346
8446
8546
8646
8746
8846
8946
9046
9146
9246
7347
7447
7547
7647
7747
7847
7947
8047
8147
8247
8347
8447
8547
8647
8747
8847
8947
9047
9147
9247
7348
7448
7548
7648
7748
7848
7948
8048
8148
8248
8348
8448
8548
8648
8748
8848
8948
9048
9148
9248
7349
7449
7549
7649
7749
7849
7949
8049
8149
8249
8349
8449
8549
8649
8749
8849
8949
9049
9149
9249
7350
7450
7550
7650
7750
7850
7950
8050
8150
8250
8350
8450
8550
8650
8750
8850
8950
9050
9150
9250
7351
7451
7551
7651
7751
7851
7951
8051
8151
8251
8351
8451
8551
8651
8751
8851
8951
9051
9151
9251
7352
7452
7552
7652
7752
7852
7952
8052
8152
8252
8352
8452
8552
8652
8752
8852
8952
9052
9152
9252
7353
7453
7553
7653
7753
7853
7953
8053
8153
8253
8353
8453
8553
8653
8753
8853
8953
9053
9153
9253
7354
7454
7554
7654
7754
7854
7954
8054
8154
8254
8354
8454
8554
8654
8754
8854
8954
9054
9154
9254
7355
7455
7555
7655
7755
7855
7955
8055
8155
8255
8355
8455
8555
8655
8755
8855
8955
9055
9155
9255
7356
7456
7556
7656
7756
7856
7956
8056
8156
8256
8356
8456
8556
8656
8756
8856
8956
9056
9156
9256
7357
7457
7557
7657
7757
7857
7957
8057
8157
8257
8357
8457
8557
8657
8757
8857
8957
9057
9157
9257
7358
7458
7558
7658
7758
7858
7958
8058
8158
8258
8358
8458
8558
8658
8758
8858
8958
9058
9158
9258
7359
7459
7559
7659
7759
7859
7959
8059
8159
8259
8359
8459
8559
8659
8759
8859
8959
9059
9159
9259
7360
7460
7560
7660
7760
7860
7960
8060
8160
8260
8360
8460
8560
8660
8760
8860
8960
9060
9160
9260
7361
7461
7561
7661
7761
7861
7961
8061
8161
8261
8361
8461
8561
8661
8761
8861
8961
9061
9161
9261
7362
7462
7562
7662
7762
7862
7962
8062
8162
8262
8362
8462
8562
8662
8762
8862
8962
9062
9162
9262
7363
7463
7563
7663
7763
7863
7963
8063
8163
8263
8363
8463
8563
8663
8763
8863
8963
9063
9163
9263
7364
7464
7564
7664
7764
7864
7964
8064
8164
8264
8364
8464
8564
8664
8764
8864
8964
9064
9164
9264
7365
7465
7565
7665
7765
7865
7965
8065
8165
8265
8365
8465
8565
8665
8765
8865
8965
9065
9165
9265
6666
6766
7366
7466
7566
7666
7766
7866
7966
8066
8166
8266
8366
8466
8566
8666
8766
8866
8966
9066
9166
9266
6667
6767
7367
7467
7567
7667
7767
7867
7967
8067
8167
8267
8367
8467
8567
8667
8767
8867
8967
9067
9167
9267
7368
7468
7568
7668
7768
7868
7968
8068
8168
8268
8368
8468
8568
8668
8768
8868
8968
9068
9168
9268
7369
7469
7569
7669
7769
7869
7969
8069
8169
8269
8369
8469
8569
8669
8769
8869
8969
9069
9169
9269
7370
7470
7570
7670
7770
7870
7970
8070
8170
8270
8370
8470
8570
8670
8770
8870
8970
9070
9170
9270
7371
7471
7571
7671
7771
7871
7971
8071
8171
8271
8371
8471
8571
8671
8771
8871
8971
9071
9171
9271
7372
7472
7572
7672
7772
7872
7972
8072
8172
8272
8372
8472
8572
8672
8772
8872
8972
9072
9172
9272
3473
3573
3673
3773
3873
3973
4073
4173
4273
4373
4473
4573
4673
4773
4873
4973
5073
5173
5273
5373
5473
5573
5673
5773
5873
5973
6073
6173
6273
6373
6473
6573
6673
6773
6873
6973
7073
7173
7273
7373
7473
7573
7673
7773
7873
7973
8073
8173
8273
8373
8473
8573
8673
8773
8873
8973
9073
9173
9273
3073
3173
3273
3373
3474
3574
3674
3774
3874
3974
4074
4174
4274
4374
4474
4574
4674
4774
4874
4974
5074
5174
5274
5374
5474
5574
5674
5774
5874
5974
6074
6174
6274
6374
6474
6574
6674
6774
6874
6974
7074
7174
7274
7374
7474
7574
7674
7774
7874
7974
8074
8174
8274
8374
8474
8574
8674
8774
8874
8974
9074
9174
9274
3074
3174
3274
3374
3475
3575
3675
3775
3875
3975
4075
4175
4275
4375
4475
4575
4675
4775
4875
4975
5075
5175
5275
5375
5475
5575
5675
5775
5875
5975
6075
6175
6275
6375
6475
6575
6675
6775
6875
6975
7075
7175
7275
7375
7475
7575
7675
7775
7875
7975
8075
8175
8275
8375
8475
8575
8675
8775
8875
8975
9075
9175
9275
3075
3175
3275
3375
3476
3576
3676
3776
3876
3976
4076
4176
4276
4376
4476
4576
4676
4776
4876
4976
5076
5176
5276
5376
5476
5576
5676
5776
5876
5976
6076
6176
6276
6376
6476
6576
6676
6776
6876
6976
7076
7176
7276
7376
7476
7576
7676
7776
7876
7976
8076
8176
8276
8376
8476
8576
8676
8776
8876
8976
9076
9176
9276
3076
3176
3276
3376
3477
3577
3677
3777
3877
3977
4077
4177
4277
4377
4477
4577
4677
4777
4877
4977
5077
5177
5277
5377
5477
5577
5677
5777
5877
5977
6077
6177
6277
6377
6477
6577
6677
6777
6877
6977
7077
7177
7277
7377
7477
7577
7677
7777
7877
7977
8077
8177
8277
8377
8477
8577
8677
8777
8877
8977
9077
9177
9277
3077
3177
3277
3377
3478
3578
3678
3778
3878
3978
4078
4178
4278
4378
4478
4578
4678
4778
4878
4978
5078
5178
5278
5378
5478
5578
5678
5778
5878
5978
6078
6178
6278
6378
6478
6578
6678
6778
6878
6978
7078
7178
7278
7378
7478
7578
7678
7778
7878
7978
8078
8178
8278
8378
8478
8578
8678
8778
8878
8978
9078
9178
9278
3078
3178
3278
3378
3479
3579
3679
3779
3879
3979
4079
4179
4279
4379
4479
4579
4679
4779
4879
4979
5079
5179
5279
5379
5479
5579
5679
5779
5879
5979
6079
6179
6279
6379
6479
6579
6679
6779
6879
6979
7079
7179
7279
7379
7479
7579
7679
7779
7879
7979
8079
8179
8279
8379
8479
8579
8679
8779
8879
8979
9079
9179
9279
3079
3179
3279
3379
3480
3580
3680
3780
3880
3980
4080
4180
4280
4380
4480
4580
4680
4780
4880
4980
5080
5180
5280
5380
5480
5580
5680
5780
5880
5980
6080
6180
6280
6380
6480
6580
6680
6780
6880
6980
7080
7180
7280
7380
7480
7580
7680
7780
7880
7980
8080
8180
8280
8380
8480
8580
8680
8780
8880
8980
9080
9180
9280
3080
3180
3280
3380
3481
3581
3681
3781
3881
3981
4081
4181
4281
4381
4481
4581
4681
4781
4881
4981
5081
5181
5281
5381
5481
5581
5681
5781
5881
5981
6081
6181
6281
6381
6481
6581
6681
6781
6881
6981
7081
7181
7281
7381
7481
7581
7681
7781
7881
7981
8081
8181
8281
8381
8481
8581
8681
8781
8881
8981
9081
9181
9281
3081
3181
3281
3381
3482
3582
3682
3782
3882
3982
4082
4182
4282
4382
4482
4582
4682
4782
4882
4982
5082
5182
5282
5382
5482
5582
5682
5782
5882
5982
6082
6182
6282
6382
6482
6582
6682
6782
6882
6982
7082
7182
7282
7382
7482
7582
7682
7782
7882
7982
8082
8182
8282
8382
8482
8582
8682
8782
8882
8982
9082
9182
9282
3082
3182
3282
3382
3483
3583
3683
3783
3883
3983
4083
4183
4283
4383
4483
4583
4683
4783
4883
4983
5083
5183
5283
5383
5483
5583
5683
5783
5883
5983
6083
6183
6283
6383
6483
6583
6683
6783
6883
6983
7083
7183
7283
7383
7483
7583
7683
7783
7883
7983
8083
8183
8283
8383
8483
8583
8683
8783
8883
8983
9083
9183
9283
3083
3183
3283
3383
3484
3584
3684
3784
3884
3984
4084
4184
4284
4384
4484
4584
4684
4784
4884
4984
5084
5184
5284
5384
5484
5584
5684
5784
5884
5984
6084
6184
6284
6384
6484
6584
6684
6784
6884
6984
7084
7184
7284
7384
7484
7584
7684
7784
7884
7984
8084
8184
8284
8384
8484
8584
8684
8784
8884
8984
9084
9184
9284
3084
3184
3284
3384
3485
3585
3685
3785
3885
3985
4085
4185
4285
4385
4485
4585
4685
4785
4885
4985
5085
5185
5285
5385
5485
5585
5685
5785
5885
5985
6085
6185
6285
6385
6485
6585
6685
6785
6885
6985
7085
7185
7285
7385
7485
7585
7685
7785
7885
7985
8085
8185
8285
8385
8485
8585
8685
8785
8885
8985
9085
9185
9285
3085
3185
3285
3385
3486
3586
3686
3786
3886
3986
4086
4186
4286
4386
4486
4586
4686
4786
4886
4986
5086
5186
5286
5386
5486
5586
5686
5786
5886
5986
6086
6186
6286
6386
6486
6586
6686
6786
6886
6986
7086
7186
7286
7386
7486
7586
7686
7786
7886
7986
8086
8186
8286
8386
8486
8586
8686
8786
8886
8986
9086
9186
9286
3086
3186
3286
3386
3487
3587
3687
3787
3887
3987
4087
4187
4287
4387
4487
4587
4687
4787
4887
4987
5087
5187
5287
5387
5487
5587
5687
5787
5887
5987
6087
6187
6287
6387
6487
6587
6687
6787
6887
6987
7087
7187
7287
7387
7487
7587
7687
7787
7887
7987
8087
8187
8287
8387
8487
8587
8687
8787
8887
8987
9087
9187
9287
3087
3187
3287
3387
3488
3588
3688
3788
3888
3988
4088
4188
4288
4388
4488
4588
4688
4788
4888
4988
5088
5188
5288
5388
5488
5588
5688
5788
5888
5988
6088
6188
6288
6388
6488
6588
6688
6788
6888
6988
7088
7188
7288
7388
7488
7588
7688
7788
7888
7988
8088
8188
8288
8388
8488
8588
8688
8788
8888
8988
9088
9188
9288
3088
3188
3288
3388
3489
3589
3689
3789
3889
3989
4089
4189
4289
4389
4489
4589
4689
4789
4889
4989
5089
5189
5289
5389
5489
5589
5689
5789
5889
5989
6089
6189
6289
6389
6489
6589
6689
6789
6889
6989
7089
7189
7289
7389
7489
7589
7689
7789
7889
7989
8089
8189
8289
8389
8489
8589
8689
8789
8889
8989
9089
9189
9289
3089
3189
3289
3389
3490
3590
3690
3790
3890
3990
4090
4190
4290
4390
4490
4590
4690
4790
4890
4990
5090
5190
5290
5390
5490
5590
5690
5790
5890
5990
6090
6190
6290
6390
6490
6590
6690
6790
6890
6990
7090
7190
7290
7390
7490
7590
7690
7790
7890
7990
8090
8190
8290
8390
8490
8590
8690
8790
8890
8990
9090
9190
9290
3090
3190
3290
3390
3491
3591
3691
3791
3891
3991
4091
4191
4291
4391
4491
4591
4691
4791
4891
4991
5091
5191
5291
5391
5491
5591
5691
5791
5891
5991
6091
6191
6291
6391
6491
6591
6691
6791
6891
6991
7091
7191
7291
7391
7491
7591
7691
7791
7891
7991
8091
8191
8291
8391
8491
8591
8691
8791
8891
8991
9091
9191
9291
3091
3191
3291
3391
3492
3592
3692
3792
3892
3992
4092
4192
4292
4392
4492
4592
4692
4792
4892
4992
5092
5192
5292
5392
5492
5592
5692
5792
5892
5992
6092
6192
6292
6392
6492
6592
6692
6792
6892
6992
7092
7192
7292
7392
7492
7592
7692
7792
7892
7992
8092
8192
8292
8392
8492
8592
8692
8792
8892
8992
9092
9192
9292
3092
3192
3292
3392
7331
7431
7531
7631
7731
7831
7931
8031
8131
8231
8331
8431
8531
8631
8731
8831
8931
9031
9131
9231
7332
7432
7532
7632
7732
7832
7932
8032
8132
8232
8332
8432
8532
8632
8732
8832
8932
9032
9132
9232
4033
4133
4233
4333
7333
7433
7533
7633
7733
7833
7933
8033
8133
8233
8333
8433
8533
8633
8733
8833
8933
9033
9133
9233
